num_prefill_tokens,num_decode_tokens,num_total_tokens,pd_ratio
24560,390,24950,62.97435897
23338,433,23771,53.89838337
36321,180,36501,201.7833333
36048,394,36442,91.49238579
29033,609,29642,47.67323481
43885,977,44862,44.91811668
28079,217,28296,129.3963134
37482,438,37920,85.57534247
27346,391,27737,69.93861893
34468,207,34675,166.5120773
38905,274,39179,141.9890511
27410,456,27866,60.10964912
24636,453,25089,54.38410596
25868,136,26004,190.2058824
42744,437,43181,97.81235698
25261,69,25330,366.1014493
25504,190,25694,134.2315789
39858,139,39997,286.7482014
27679,403,28082,68.68238213
24215,235,24450,103.0425532
31763,218,31981,145.7018349
25213,196,25409,128.6377551
26921,209,27130,128.8086124
29836,398,30234,74.96482412
31322,65,31387,481.8769231
23611,236,23847,100.0466102
25191,294,25485,85.68367347
22939,205,23144,111.897561
29319,412,29731,71.16262136
23878,511,24389,46.72798434
23414,267,23681,87.6928839
28727,399,29126,71.99749373
29733,312,30045,95.29807692
30461,129,30590,236.1317829
26056,522,26578,49.91570881
38955,296,39251,131.6047297
45770,205,45975,223.2682927
26568,309,26877,85.98058252
36251,253,36504,143.284585
27169,273,27442,99.52014652
39476,316,39792,124.9240506
26754,469,27223,57.04477612
36364,470,36834,77.37021277
26695,667,27362,40.02248876
29945,435,30380,68.83908046
31783,446,32229,71.26233184
24188,370,24558,65.37297297
34086,305,34391,111.757377
27267,361,27628,75.53185596
33986,279,34265,121.8136201
27908,470,28378,59.3787234
24043,245,24288,98.13469388
27395,485,27880,56.48453608
24476,1133,25609,21.60282436
27977,166,28143,168.5361446
35147,379,35526,92.73614776
27599,448,28047,61.60491071
25791,438,26229,58.88356164
43222,85,43307,508.4941176
24548,267,24815,91.94007491
35854,282,36136,127.141844
24311,291,24602,83.54295533
25851,293,26144,88.22866894
24672,584,25256,42.24657534
39946,420,40366,95.10952381
37125,101,37226,367.5742574
24076,298,24374,80.79194631
36169,106,36275,341.2169811
32175,388,32563,82.92525773
28109,509,28618,55.22396857
43508,212,43720,205.2264151
33629,531,34160,63.33145009
35692,531,36223,67.2165725
39571,314,39885,126.022293
26237,262,26499,100.1412214
24902,521,25423,47.79654511
25906,248,26154,104.4596774
27466,599,28065,45.85308848
25594,353,25947,72.50424929
41855,536,42391,78.08768657
25097,127,25224,197.6141732
38921,259,39180,150.2741313
33510,770,34280,43.51948052
25072,143,25215,175.3286713
43473,536,44009,81.10634328
43795,158,43953,277.1835443
24096,449,24545,53.66592428
32509,284,32793,114.4683099
33455,231,33686,144.8268398
25365,264,25629,96.07954545
28813,740,29553,38.93648649
40572,477,41049,85.05660377
26368,67,26435,393.5522388
42532,518,43050,82.10810811
30741,229,30970,134.2401747
24665,305,24970,80.86885246
23319,231,23550,100.9480519
23557,366,23923,64.36338798
36018,574,36592,62.74912892
26760,294,27054,91.02040816
39023,320,39343,121.946875
29203,666,29869,43.84834835
25716,271,25987,94.89298893
23702,554,24256,42.7833935
32056,339,32395,94.56047198
29084,242,29326,120.1818182
26361,261,26622,101
25958,288,26246,90.13194444
32019,249,32268,128.5903614
23741,260,24001,91.31153846
24661,164,24825,150.3719512
28276,656,28932,43.10365854
24833,355,25188,69.95211268
25512,418,25930,61.03349282
26328,450,26778,58.50666667
29190,531,29721,54.97175141
25103,373,25476,67.3002681
37135,405,37540,91.69135802
25576,338,25914,75.66863905
25059,350,25409,71.59714286
24612,309,24921,79.65048544
31805,1029,32834,30.90864917
31323,368,31691,85.11684783
23641,491,24132,48.14867617
23401,1155,24556,20.26060606
34603,685,35288,50.51532847
25199,197,25396,127.9137056
27292,451,27743,60.51441242
32146,402,32548,79.96517413
25469,170,25639,149.8176471
30416,135,30551,225.3037037
26244,222,26466,118.2162162
38173,334,38507,114.2904192
26733,438,27171,61.03424658
23243,400,23643,58.1075
23591,276,23867,85.47463768
25905,548,26453,47.27189781
40426,401,40827,100.8129676
31680,361,32041,87.75623269
24863,470,25333,52.9
29006,380,29386,76.33157895
31274,465,31739,67.25591398
27100,554,27654,48.91696751
36469,400,36869,91.1725
25491,261,25752,97.66666667
23903,250,24153,95.612
40781,403,41184,101.1935484
27704,142,27846,195.0985915
29105,244,29349,119.2827869
24503,134,24637,182.858209
30513,194,30707,157.2835052
27117,256,27373,105.9257813
27881,165,28046,168.9757576
23338,552,23890,42.27898551
23071,424,23495,54.41273585
29315,429,29744,68.33333333
25343,288,25631,87.99652778
36172,140,36312,258.3714286
25998,492,26490,52.84146341
30386,268,30654,113.380597
30677,224,30901,136.9508929
43943,269,44212,163.3568773
33215,497,33712,66.83098592
26190,503,26693,52.06759443
27061,141,27202,191.9219858
41891,290,42181,144.4517241
27329,306,27635,89.31045752
27393,259,27652,105.7644788
29117,195,29312,149.3179487
23415,344,23759,68.06686047
24343,76,24419,320.3026316
24595,504,25099,48.79960317
33430,283,33713,118.1272085
28616,418,29034,68.45933014
24177,453,24630,53.37086093
30289,355,30644,85.32112676
31916,336,32252,94.98809524
29097,229,29326,127.0611354
26364,747,27111,35.29317269
23685,515,24200,45.99029126
23724,198,23922,119.8181818
27856,429,28285,64.93240093
33103,264,33367,125.3901515
24123,369,24492,65.37398374
28158,358,28516,78.65363128
32790,507,33297,64.67455621
35530,439,35969,80.93394077
24711,153,24864,161.5098039
30351,214,30565,141.8271028
27879,701,28580,39.7703281
40149,112,40261,358.4732143
37282,168,37450,221.9166667
37326,477,37803,78.25157233
24208,245,24453,98.80816327
25607,422,26029,60.68009479
37359,237,37596,157.6329114
25426,195,25621,130.3897436
40976,332,41308,123.4216867
25378,86,25464,295.0930233
36855,551,37406,66.88747731
29057,238,29295,122.0882353
36000,166,36166,216.8674699
29816,265,30081,112.5132075
28483,186,28669,153.1344086
30174,871,31045,34.64293915
39537,335,39872,118.0208955
24882,208,25090,119.625
33010,429,33439,76.94638695
26005,98,26103,265.3571429
39674,279,39953,142.2007168
23640,494,24134,47.85425101
24767,301,25068,82.28239203
26941,624,27565,43.17467949
33491,297,33788,112.7643098
35121,512,35633,68.59570313
25785,322,26107,80.07763975
34124,216,34340,157.9814815
25529,223,25752,114.4798206
24709,369,25078,66.96205962
24723,314,25037,78.73566879
33124,273,33397,121.3333333
30506,444,30950,68.70720721
35117,295,35412,119.040678
31115,242,31357,128.5743802
24485,370,24855,66.17567568
22937,162,23099,141.5864198
26252,117,26369,224.3760684
29459,278,29737,105.9676259
26758,547,27305,48.91773309
39738,197,39935,201.715736
25591,271,25862,94.43173432
25428,182,25610,139.7142857
34678,415,35093,83.56144578
30136,129,30265,233.6124031
38677,201,38878,192.4228856
28253,763,29016,37.02883355
23269,368,23637,63.23097826
30345,322,30667,94.23913043
37712,147,37859,256.5442177
29119,352,29471,82.72443182
23841,170,24011,140.2411765
24775,185,24960,133.9189189
27660,440,28100,62.86363636
23693,156,23849,151.8782051
30692,782,31474,39.24808184
38646,550,39196,70.26545455
27662,241,27903,114.780083
24610,228,24838,107.9385965
29899,432,30331,69.21064815
24815,427,25242,58.1147541
29163,289,29452,100.9100346
43056,468,43524,92
26412,204,26616,129.4705882
25022,181,25203,138.2430939
33583,163,33746,206.0306748
39939,136,40075,293.6691176
30936,254,31190,121.7952756
27224,111,27335,245.2612613
29984,49,30033,611.9183673
38765,282,39047,137.464539
24717,317,25034,77.97160883
24519,469,24988,52.2793177
32939,199,33138,165.5226131
28519,475,28994,60.04
24290,191,24481,127.1727749
37687,481,38168,78.35135135
34927,401,35328,87.09975062
27592,255,27847,108.2039216
25887,205,26092,126.2780488
27140,178,27318,152.4719101
30549,654,31203,46.71100917
23214,587,23801,39.54684838
38417,411,38828,93.47201946
31516,125,31641,252.128
23326,152,23478,153.4605263
35089,369,35458,95.09214092
35097,519,35616,67.62427746
37368,140,37508,266.9142857
31668,223,31891,142.0089686
29020,231,29251,125.6277056
41431,383,41814,108.1749347
29240,295,29535,99.11864407
26244,179,26423,146.6145251
29334,388,29722,75.60309278
42822,490,43312,87.39183673
26794,301,27095,89.0166113
34204,99,34303,345.4949495
32176,496,32672,64.87096774
40495,615,41110,65.84552846
39330,160,39490,245.8125
34506,584,35090,59.08561644
23971,389,24360,61.62210797
26431,493,26924,53.61257606
30915,132,31047,234.2045455
23402,163,23565,143.5705521
26981,300,27281,89.93666667
43150,484,43634,89.15289256
24691,114,24805,216.5877193
28390,344,28734,82.52906977
33453,134,33587,249.6492537
23631,349,23980,67.71060172
45084,626,45710,72.01916933
36370,312,36682,116.5705128
27985,534,28519,52.40636704
26801,115,26916,233.0521739
23696,274,23970,86.48175182
27601,227,27828,121.5903084
30798,357,31155,86.26890756
28252,64,28316,441.4375
23488,435,23923,53.9954023
24862,293,25155,84.85324232
24750,763,25513,32.43774574
35432,282,35714,125.6453901
31768,409,32177,77.67237164
37427,408,37835,91.73284314
42028,385,42413,109.1636364
28362,221,28583,128.3348416
25814,562,26376,45.93238434
34304,477,34781,71.91614256
23477,171,23648,137.2923977
28351,245,28596,115.7183673
24217,410,24627,59.06585366
27042,255,27297,106.0470588
34146,231,34377,147.8181818
24848,195,25043,127.425641
23612,123,23735,191.9674797
38842,627,39469,61.94896332
23947,333,24280,71.91291291
24170,211,24381,114.549763
34090,552,34642,61.75724638
25926,226,26152,114.7168142
24059,359,24418,67.01671309
24885,479,25364,51.9519833
24698,698,25396,35.38395415
32244,157,32401,205.3757962
24975,240,25215,104.0625
23996,269,24265,89.20446097
29737,376,30113,79.08776596
28500,102,28602,279.4117647
25615,342,25957,74.89766082
42713,312,43025,136.900641
28926,154,29080,187.8311688
25300,477,25777,53.03983229
23914,512,24426,46.70703125
24882,432,25314,57.59722222
36779,310,37089,118.6419355
25657,199,25856,128.9296482
24422,990,25412,24.66868687
23188,225,23413,103.0577778
45416,411,45827,110.5012165
39651,506,40157,78.36166008
23567,156,23723,151.0705128
27075,281,27356,96.35231317
31026,273,31299,113.6483516
23874,104,23978,229.5576923
23376,259,23635,90.25482625
38332,488,38820,78.54918033
27708,77,27785,359.8441558
30429,603,31032,50.46268657
28436,161,28597,176.621118
28884,179,29063,161.3631285
34513,298,34811,115.8154362
27659,186,27845,148.7043011
24941,384,25325,64.95052083
40431,442,40873,91.47285068
31235,688,31923,45.3997093
32430,188,32618,172.5
26590,191,26781,139.2146597
26313,211,26524,124.7061611
23350,239,23589,97.69874477
23410,81,23491,289.0123457
37480,522,38002,71.80076628
26261,129,26390,203.5736434
44204,145,44349,304.8551724
29836,325,30161,91.80307692
26639,680,27319,39.175
23945,283,24228,84.61130742
23345,465,23810,50.20430108
40851,484,41335,84.40289256
28457,407,28864,69.91891892
37770,2143,39913,17.62482501
44132,158,44290,279.3164557
38156,221,38377,172.6515837
23081,176,23257,131.1420455
26911,244,27155,110.2909836
26968,251,27219,107.4422311
38388,168,38556,228.5
23429,438,23867,53.49086758
31983,191,32174,167.4502618
36349,369,36718,98.50677507
30584,382,30966,80.06282723
29092,745,29837,39.04966443
27315,421,27736,64.88123515
32992,379,33371,87.05013193
24059,174,24233,138.2701149
26816,123,26939,218.0162602
32348,83,32431,389.7349398
29566,443,30009,66.74040632
25379,457,25836,55.53391685
27701,263,27964,105.3269962
26022,368,26390,70.71195652
32780,430,33210,76.23255814
26722,139,26861,192.2446043
27336,361,27697,75.72299169
30250,476,30726,63.55042017
29409,686,30095,42.87026239
24794,512,25306,48.42578125
29491,261,29752,112.9923372
30634,198,30832,154.7171717
24790,291,25081,85.18900344
32265,531,32796,60.76271186
23541,256,23797,91.95703125
29243,119,29362,245.7394958
24626,396,25022,62.18686869
26537,376,26913,70.57712766
28875,121,28996,238.6363636
27964,282,28246,99.16312057
32716,340,33056,96.22352941
30997,261,31258,118.7624521
27052,560,27612,48.30714286
26977,379,27356,71.17941953
28314,545,28859,51.95229358
38925,400,39325,97.3125
23208,384,23592,60.4375
25992,593,26585,43.83136594
26284,601,26885,43.73377704
26460,330,26790,80.18181818
23784,258,24042,92.18604651
24276,246,24522,98.68292683
23118,365,23483,63.3369863
31162,435,31597,71.63678161
29659,319,29978,92.97492163
36575,408,36983,89.64460784
28839,174,29013,165.7413793
24715,319,25034,77.47648903
38873,109,38982,356.6330275
35071,254,35325,138.0748031
24439,127,24566,192.4330709
24172,408,24580,59.24509804
39358,129,39487,305.1007752
24874,517,25391,48.11218569
42766,407,43173,105.0761671
32402,352,32754,92.05113636
24855,302,25157,82.3013245
39674,114,39788,348.0175439
23286,423,23709,55.04964539
27092,153,27245,177.0718954
27188,508,27696,53.51968504
29949,369,30318,81.16260163
37930,278,38208,136.4388489
31099,248,31347,125.3991935
26961,70,27031,385.1571429
32802,374,33176,87.70588235
32485,141,32626,230.3900709
26048,209,26257,124.6315789
25015,305,25320,82.01639344
27727,234,27961,118.491453
26695,252,26947,105.9325397
24902,419,25321,59.43198091
27860,337,28197,82.67062315
42895,409,43304,104.8777506
44622,517,45139,86.30947776
23783,108,23891,220.212963
26628,500,27128,53.256
23339,176,23515,132.6079545
27798,423,28221,65.71631206
31931,532,32463,60.02067669
24383,403,24786,60.50372208
39811,865,40676,46.02427746
25747,235,25982,109.5617021
31054,381,31435,81.50656168
25299,230,25529,109.9956522
28641,344,28985,83.25872093
23785,328,24113,72.5152439
33531,492,34023,68.15243902
24908,242,25150,102.9256198
42188,537,42725,78.56238361
35536,156,35692,227.7948718
24151,292,24443,82.70890411
24355,102,24457,238.7745098
26818,220,27038,121.9
26828,136,26964,197.2647059
23349,320,23669,72.965625
23733,210,23943,113.0142857
25706,206,25912,124.7864078
27052,955,28007,28.32670157
30244,130,30374,232.6461538
30399,540,30939,56.29444444
35514,395,35909,89.90886076
23800,1121,24921,21.23104371
26979,738,27717,36.55691057
24413,391,24804,62.43734015
23400,799,24199,29.28660826
29579,324,29903,91.29320988
26805,407,27212,65.85995086
28720,196,28916,146.5306122
22965,459,23424,50.03267974
23366,217,23583,107.6774194
28344,236,28580,120.1016949
23349,750,24099,31.132
29498,159,29657,185.5220126
30126,775,30901,38.87225806
30397,227,30624,133.907489
30341,204,30545,148.7303922
24693,325,25018,75.97846154
28357,141,28498,201.1134752
43863,356,44219,123.2106742
29345,207,29552,141.763285
27279,476,27755,57.30882353
40200,242,40442,166.1157025
37285,387,37672,96.34366925
30142,193,30335,156.1761658
24319,217,24536,112.0691244
28432,179,28611,158.8379888
23776,500,24276,47.552
26466,145,26611,182.5241379
24281,439,24720,55.30979499
30517,505,31022,60.42970297
36241,401,36642,90.3765586
27602,399,28001,69.17794486
32625,184,32809,177.3097826
34413,611,35024,56.32242226
26449,417,26866,63.42685851
35141,323,35464,108.7956656
41263,581,41844,71.02065404
24643,95,24738,259.4
34472,425,34897,81.11058824
23154,398,23552,58.1758794
23841,324,24165,73.58333333
31397,146,31543,215.0479452
29374,116,29490,253.2241379
44391,295,44686,150.4779661
24901,757,25658,32.89431968
23667,323,23990,73.27244582
25312,206,25518,122.8737864
25886,572,26458,45.25524476
23569,381,23950,61.86089239
24722,371,25093,66.6361186
28465,106,28571,268.5377358
27380,232,27612,118.0172414
41388,147,41535,281.5510204
23256,577,23833,40.305026
27665,394,28059,70.21573604
30383,431,30814,70.49419954
34976,187,35163,187.0374332
26306,441,26747,59.65079365
25790,543,26333,47.49539595
34666,445,35111,77.9011236
33454,109,33563,306.9174312
25703,541,26244,47.51016636
32137,659,32796,48.76631259
24428,615,25043,39.7203252
23539,220,23759,106.9954545
27285,414,27699,65.9057971
35963,613,36576,58.66721044
43063,145,43208,296.9862069
27896,142,28038,196.4507042
32700,376,33076,86.96808511
27443,466,27909,58.89055794
23853,446,24299,53.48206278
32751,306,33057,107.0294118
36786,269,37055,136.7509294
22973,353,23326,65.07932011
23567,295,23862,79.88813559
24740,317,25057,78.04416404
30356,608,30964,49.92763158
24576,415,24991,59.21927711
25881,252,26133,102.702381
28369,151,28520,187.8741722
31946,376,32322,84.96276596
28540,240,28780,118.9166667
41815,188,42003,222.4202128
26993,407,27400,66.32186732
28679,150,28829,191.1933333
23266,531,23797,43.81544256
30026,207,30233,145.0531401
32548,221,32769,147.2760181
23344,315,23659,74.10793651
28741,57,28798,504.2280702
33740,220,33960,153.3636364
27421,691,28112,39.68306802
26219,452,26671,58.00663717
25733,298,26031,86.35234899
36950,485,37435,76.18556701
25881,602,26483,42.99169435
36679,431,37110,85.10208817
36381,916,37297,39.71724891
28261,407,28668,69.43734644
24390,204,24594,119.5588235
23815,489,24304,48.70143149
30625,521,31146,58.78119002
41921,365,42286,114.8520548
33639,79,33718,425.8101266
23872,178,24050,134.1123596
23748,496,24244,47.87903226
32014,161,32175,198.8447205
35670,101,35771,353.1683168
26014,337,26351,77.19287834
29741,542,30283,54.87269373
24194,318,24512,76.08176101
23535,152,23687,154.8355263
33168,174,33342,190.6206897
27632,167,27799,165.4610778
28831,140,28971,205.9357143
28530,399,28929,71.5037594
22960,497,23457,46.1971831
39181,176,39357,222.6193182
32329,440,32769,73.475
23018,478,23496,48.15481172
27252,144,27396,189.25
31195,171,31366,182.4269006
30471,474,30945,64.28481013
32510,237,32747,137.1729958
33503,698,34201,47.99856734
24758,234,24992,105.8034188
23663,30,23693,788.7666667
39749,95,39844,418.4105263
23116,351,23467,65.85754986
32645,286,32931,114.1433566
29565,452,30017,65.40929204
31025,440,31465,70.51136364
30823,254,31077,121.3503937
30798,192,30990,160.40625
40509,165,40674,245.5090909
40173,493,40666,81.48681542
29686,1992,31678,14.90261044
25655,63,25718,407.2222222
39063,332,39395,117.6596386
27780,369,28149,75.28455285
23087,273,23360,84.56776557
39264,645,39909,60.8744186
24277,230,24507,105.5521739
32174,163,32337,197.3865031
30339,240,30579,126.4125
25511,600,26111,42.51833333
24720,167,24887,148.0239521
27533,157,27690,175.3694268
30416,376,30792,80.89361702
37138,354,37492,104.9096045
44268,338,44606,130.9704142
25902,362,26264,71.55248619
43282,523,43805,82.75717017
24624,242,24866,101.7520661
29173,481,29654,60.65072765
24796,372,25168,66.65591398
29317,472,29789,62.11228814
34766,22,34788,1580.272727
25528,121,25649,210.9752066
26356,107,26463,246.317757
27507,437,27944,62.94508009
24123,271,24394,89.01476015
31137,150,31287,207.58
24801,168,24969,147.625
44015,236,44251,186.5042373
25179,91,25270,276.6923077
25017,303,25320,82.56435644
34515,150,34665,230.1
23187,386,23573,60.06994819
25623,241,25864,106.3195021
43028,256,43284,168.078125
35200,440,35640,80
29282,212,29494,138.1226415
37202,468,37670,79.49145299
30406,648,31054,46.92283951
23597,376,23973,62.75797872
23588,348,23936,67.7816092
41033,317,41350,129.4416404
25975,546,26521,47.57326007
35248,115,35363,306.5043478
28587,63,28650,453.7619048
30173,169,30342,178.5384615
37669,633,38302,59.50868878
25551,403,25954,63.40198511
26782,142,26924,188.6056338
43383,357,43740,121.5210084
23526,245,23771,96.0244898
37675,416,38091,90.56490385
25995,335,26330,77.59701493
26738,331,27069,80.77945619
29155,188,29343,155.0797872
35982,391,36373,92.02557545
24656,280,24936,88.05714286
29839,421,30260,70.87648456
33298,143,33441,232.8531469
24599,182,24781,135.1593407
23097,334,23431,69.15269461
24503,226,24729,108.420354
41487,238,41725,174.3151261
23205,105,23310,221
31276,651,31927,48.04301075
38328,366,38694,104.7213115
31356,170,31526,184.4470588
33914,379,34293,89.4828496
23419,755,24174,31.01854305
34508,933,35441,36.98606645
23741,528,24269,44.96401515
40770,405,41175,100.6666667
41841,278,42119,150.5071942
24398,502,24900,48.60159363
38706,221,38927,175.1402715
23222,469,23691,49.51385928
24643,220,24863,112.0136364
36937,576,37513,64.12673611
25387,237,25624,107.1181435
28670,389,29059,73.70179949
43066,384,43450,112.1510417
42267,410,42677,103.0902439
25342,358,25700,70.7877095
24818,127,24945,195.4173228
23415,332,23747,70.52710843
24459,374,24833,65.39839572
28551,243,28794,117.4938272
24379,254,24633,95.98031496
23262,353,23615,65.898017
33529,629,34158,53.30524642
41361,276,41637,149.8586957
24807,319,25126,77.76489028
26240,308,26548,85.19480519
41125,117,41242,351.4957265
28481,386,28867,73.78497409
25598,660,26258,38.78484848
27877,364,28241,76.58516484
23793,4053,27846,5.870466321
30323,103,30426,294.3980583
37545,445,37990,84.37078652
24133,449,24582,53.74832962
36980,568,37548,65.1056338
23327,333,23660,70.05105105
27318,510,27828,53.56470588
32754,787,33541,41.61880559
26083,457,26540,57.07439825
37682,541,38223,69.65249538
37748,586,38334,64.41638225
33666,227,33893,148.30837
35881,357,36238,100.5070028
45217,236,45453,191.5974576
30944,366,31310,84.54644809
24574,407,24981,60.37837838
31188,425,31613,73.38352941
24408,193,24601,126.4663212
29828,269,30097,110.8847584
25604,416,26020,61.54807692
30678,420,31098,73.04285714
24711,356,25067,69.41292135
26223,312,26535,84.04807692
26056,27,26083,965.037037
35639,271,35910,131.5092251
37872,506,38378,74.8458498
28890,146,29036,197.8767123
24773,211,24984,117.4075829
24251,270,24521,89.81851852
23243,314,23557,74.02229299
23035,94,23129,245.0531915
28618,505,29123,56.66930693
34667,172,34839,201.5523256
30289,176,30465,172.0965909
35717,475,36192,75.19368421
24006,229,24235,104.8296943
24050,789,24839,30.48162231
31089,367,31456,84.71117166
39512,749,40261,52.75300401
23049,183,23232,125.9508197
25237,310,25547,81.40967742
43000,248,43248,173.3870968
29802,529,30331,56.33648393
28138,448,28586,62.80803571
29306,77,29383,380.5974026
37476,426,37902,87.97183099
29208,322,29530,90.70807453
26371,112,26483,235.4553571
24599,465,25064,52.90107527
23521,431,23952,54.57308585
30258,613,30871,49.36052202
25171,399,25570,63.08521303
27694,489,28183,56.63394683
25698,233,25931,110.2918455
27973,485,28458,57.67628866
26786,403,27189,66.46650124
23494,337,23831,69.71513353
31931,539,32470,59.24118738
38475,368,38843,104.5516304
45086,503,45589,89.63419483
31156,293,31449,106.334471
25145,524,25669,47.98664122
24317,462,24779,52.63419913
27614,415,28029,66.53975904
29939,821,30760,36.46650426
29367,516,29883,56.9127907
26849,405,27254,66.29382716
27804,225,28029,123.5733333
24176,220,24396,109.8909091
24856,154,25010,161.4025974
23436,138,23574,169.826087
29094,241,29335,120.7219917
34905,424,35329,82.32311321
23774,754,24528,31.53050398
23025,375,23400,61.4
32392,177,32569,183.0056497
32000,650,32650,49.23076923
38676,770,39446,50.22857143
25568,439,26007,58.24145786
23284,294,23578,79.19727891
26310,150,26460,175.4
24790,185,24975,134
32573,243,32816,134.0452675
26811,340,27151,78.85588235
28464,279,28743,102.0215054
37532,300,37832,125.1066667
27457,492,27949,55.80691057
24942,401,25343,62.19950125
24913,845,25758,29.48284024
25553,239,25792,106.916318
26913,414,27327,65.00724638
25324,1072,26396,23.62313433
26378,598,26976,44.11036789
36200,177,36377,204.519774
26815,146,26961,183.6643836
24704,278,24982,88.86330935
33506,866,34372,38.69053118
28091,470,28561,59.76808511
37971,110,38081,345.1909091
35718,4074,39792,8.76730486
27165,401,27566,67.74314214
31594,343,31937,92.11078717
26720,225,26945,118.7555556
23512,356,23868,66.04494382
28436,329,28765,86.43161094
27338,162,27500,168.7530864
43529,261,43790,166.7777778
23276,542,23818,42.94464945
43005,281,43286,153.0427046
23943,484,24427,49.46900826
37007,547,37554,67.65447898
25863,265,26128,97.59622642
35066,451,35517,77.75166297
25040,204,25244,122.745098
34994,301,35295,116.2591362
29173,638,29811,45.72570533
25056,442,25498,56.68778281
25825,439,26264,58.82687927
34259,251,34510,136.4900398
43234,213,43447,202.9765258
38292,162,38454,236.3703704
41764,408,42172,102.3627451
29215,37,29252,789.5945946
36231,410,36641,88.36829268
27317,106,27423,257.7075472
45589,534,46123,85.37265918
24987,149,25136,167.6979866
27475,703,28178,39.08250356
38571,544,39115,70.90257353
27367,285,27652,96.0245614
24523,478,25001,51.30334728
29000,330,29330,87.87878788
30410,675,31085,45.05185185
26170,554,26724,47.23826715
43914,433,44347,101.4180139
26069,480,26549,54.31041667
27212,344,27556,79.10465116
24744,187,24931,132.3208556
28096,393,28489,71.49109415
23816,263,24079,90.55513308
27702,407,28109,68.06388206
37708,442,38150,85.31221719
29991,53,30044,565.8679245
33456,572,34028,58.48951049
30820,359,31179,85.84958217
31364,387,31751,81.04392765
34174,1005,35179,34.0039801
27040,493,27533,54.84787018
29003,412,29415,70.39563107
31409,218,31627,144.0779817
31311,283,31594,110.639576
24998,84,25082,297.5952381
25962,837,26799,31.01792115
24821,285,25106,87.09122807
28436,267,28703,106.5018727
23579,110,23689,214.3545455
29223,440,29663,66.41590909
28191,139,28330,202.8129496
33953,95,34048,357.4
43967,508,44475,86.5492126
26800,494,27294,54.25101215
22979,369,23348,62.27371274
28333,449,28782,63.10244989
26365,160,26525,164.78125
23100,217,23317,106.4516129
31423,224,31647,140.28125
43320,252,43572,171.9047619
23476,392,23868,59.8877551
33838,136,33974,248.8088235
27899,351,28250,79.48433048
26441,235,26676,112.5148936
24164,386,24550,62.60103627
36019,249,36268,144.6546185
28500,678,29178,42.03539823
24961,253,25214,98.66007905
24129,124,24253,194.5887097
36112,368,36480,98.13043478
29249,289,29538,101.2076125
36277,762,37039,47.60761155
37090,390,37480,95.1025641
37503,127,37630,295.2992126
25342,475,25817,53.35157895
32794,321,33115,102.1619938
24114,550,24664,43.84363636
23965,280,24245,85.58928571
27592,558,28150,49.44802867
23779,79,23858,301
30340,404,30744,75.0990099
25136,402,25538,62.52736318
33930,557,34487,60.91561939
25501,339,25840,75.22418879
26071,478,26549,54.541841
24196,273,24469,88.63003663
43366,207,43573,209.4975845
24096,125,24221,192.768
24364,327,24691,74.50764526
33764,347,34111,97.30259366
27485,221,27706,124.3665158
26145,623,26768,41.96629213
34765,260,35025,133.7115385
26467,240,26707,110.2791667
30773,141,30914,218.248227
23947,221,24168,108.3574661
32744,478,33222,68.50209205
32795,271,33066,121.0147601
23625,428,24053,55.19859813
23292,2049,25341,11.36749634
29307,274,29581,106.959854
24599,143,24742,172.020979
23513,496,24009,47.40524194
45176,730,45906,61.88493151
30899,432,31331,71.52546296
23406,241,23647,97.12033195
33584,243,33827,138.2057613
29996,2782,32778,10.7821711
25340,405,25745,62.56790123
28049,389,28438,72.10539846
24505,280,24785,87.51785714
26464,90,26554,294.0444444
23898,288,24186,82.97916667
23109,148,23257,156.1418919
25577,51,25628,501.5098039
25189,311,25500,80.99356913
30962,261,31223,118.6283525
23376,262,23638,89.22137405
31504,519,32023,60.70134875
27114,284,27398,95.47183099
23026,278,23304,82.82733813
28651,203,28854,141.137931
39690,244,39934,162.6639344
27680,554,28234,49.96389892
30392,266,30658,114.2556391
32428,167,32595,194.1796407
44014,353,44367,124.6855524
25290,251,25541,100.7569721
30354,572,30926,53.06643357
25189,127,25316,198.3385827
33298,471,33769,70.69639066
25104,87,25191,288.5517241
26403,246,26649,107.3292683
24461,286,24747,85.52797203
25503,181,25684,140.9005525
24175,578,24753,41.82525952
31922,381,32303,83.7847769
23009,285,23294,80.73333333
28804,79,28883,364.6075949
25951,34,25985,763.2647059
37764,125,37889,302.112
29899,413,30312,72.39467312
34494,584,35078,59.06506849
25748,221,25969,116.5067873
27441,465,27906,59.01290323
29425,570,29995,51.62280702
31901,198,32099,161.1161616
39759,287,40046,138.533101
30623,280,30903,109.3678571
38555,173,38728,222.8612717
33787,401,34188,84.25685786
23921,179,24100,133.6368715
28198,530,28728,53.20377358
36761,100,36861,367.61
22938,211,23149,108.7109005
26094,325,26419,80.28923077
44256,492,44748,89.95121951
30562,160,30722,191.0125
25585,75,25660,341.1333333
31526,265,31791,118.9660377
25518,521,26039,48.97888676
34941,485,35426,72.04329897
24392,148,24540,164.8108108
35233,392,35625,89.88010204
27389,150,27539,182.5933333
27280,198,27478,137.7777778
29829,305,30134,97.8
23935,278,24213,86.0971223
29102,342,29444,85.09356725
24161,398,24559,60.70603015
25346,133,25479,190.5714286
27950,67,28017,417.1641791
23872,98,23970,243.5918367
43590,232,43822,187.887931
27808,328,28136,84.7804878
31271,846,32117,36.96335697
24402,816,25218,29.90441176
35864,41,35905,874.7317073
27914,223,28137,125.1748879
28005,251,28256,111.5737052
34288,576,34864,59.52777778
25676,1407,27083,18.24875622
26445,313,26758,84.48881789
37042,214,37256,173.0934579
44102,272,44374,162.1397059
24493,465,24958,52.67311828
43100,373,43473,115.5495979
28186,151,28337,186.6622517
23424,151,23575,155.1258278
38375,383,38758,100.1958225
44546,550,45096,80.99272727
27440,207,27647,132.5603865
27743,143,27886,194.006993
27995,217,28212,129.0092166
41814,224,42038,186.6696429
26334,102,26436,258.1764706
27939,410,28349,68.14390244
27868,706,28574,39.47308782
28312,369,28681,76.72628726
34783,110,34893,316.2090909
41020,302,41322,135.8278146
31010,372,31382,83.36021505
28579,509,29088,56.14734774
23908,433,24341,55.2147806
25158,191,25349,131.7172775
30861,147,31008,209.9387755
24040,208,24248,115.5769231
26641,298,26939,89.39932886
25862,365,26227,70.85479452
23392,527,23919,44.38709677
44492,231,44723,192.6060606
28368,380,28748,74.65263158
23264,438,23702,53.11415525
37336,548,37884,68.13138686
23434,392,23826,59.78061224
24230,208,24438,116.4903846
43073,449,43522,95.93095768
24471,160,24631,152.94375
27363,75,27438,364.84
26085,521,26606,50.0671785
31723,274,31997,115.7773723
23332,279,23611,83.62724014
38899,288,39187,135.0659722
25910,165,26075,157.030303
32001,463,32464,69.11663067
26853,453,27306,59.2781457
28858,782,29640,36.9028133
24510,152,24662,161.25
42809,481,43290,89
29353,506,29859,58.00988142
23316,135,23451,172.7111111
40972,735,41707,55.74421769
42424,429,42853,98.89044289
26248,836,27084,31.39712919
36836,129,36965,285.5503876
23268,346,23614,67.24855491
37979,234,38213,162.3034188
23397,163,23560,143.5398773
27710,464,28174,59.71982759
24190,322,24512,75.1242236
28132,406,28538,69.29064039
29798,569,30367,52.36906854
28602,513,29115,55.75438596
24826,410,25236,60.55121951
44779,308,45087,145.3863636
33645,207,33852,162.5362319
45270,280,45550,161.6785714
25014,347,25361,72.08645533
23233,236,23469,98.44491525
25641,108,25749,237.4166667
42472,207,42679,205.178744
45154,372,45526,121.3817204
34727,242,34969,143.5
31251,328,31579,95.27743902
25698,330,26028,77.87272727
28069,393,28462,71.42239186
41731,53,41784,787.3773585
24041,352,24393,68.29829545
29725,433,30158,68.64896074
34602,237,34839,146
30515,198,30713,154.1161616
37759,387,38146,97.56847545
37674,314,37988,119.9808917
25119,401,25520,62.64089776
24890,365,25255,68.19178082
33513,569,34082,58.89806678
27163,131,27294,207.351145
23779,407,24186,58.42506143
31083,146,31229,212.8972603
24449,123,24572,198.7723577
23213,106,23319,218.990566
23647,447,24094,52.901566
24280,305,24585,79.60655738
29058,283,29341,102.6784452
25565,201,25766,127.1890547
26398,244,26642,108.1885246
28616,277,28893,103.3068592
41383,92,41475,449.8152174
30805,202,31007,152.5
23602,284,23886,83.1056338
23423,102,23525,229.6372549
24918,487,25405,51.16632444
23270,177,23447,131.4689266
25576,579,26155,44.17271157
24298,428,24726,56.77102804
38395,363,38758,105.7713499
22963,401,23364,57.26433915
24491,354,24845,69.18361582
32434,169,32603,191.9171598
25559,527,26086,48.49905123
30826,341,31167,90.39882698
33950,550,34500,61.72727273
26077,331,26408,78.78247734
32975,372,33347,88.64247312
23923,511,24434,46.81604697
28891,485,29376,59.56907216
25210,252,25462,100.0396825
37887,376,38263,100.7632979
38948,514,39462,75.77431907
36735,297,37032,123.6868687
25922,456,26378,56.84649123
28043,102,28145,274.9313725
44005,372,44377,118.2930108
25684,388,26072,66.19587629
22932,54,22986,424.6666667
23047,466,23513,49.45708155
23329,326,23655,71.56134969
30139,468,30607,64.39957265
23811,225,24036,105.8266667
45009,305,45314,147.5704918
29956,605,30561,49.51404959
27925,277,28202,100.8122744
24387,348,24735,70.07758621
24895,281,25176,88.59430605
25397,359,25756,70.74373259
24389,193,24582,126.3678756
24833,332,25165,74.79819277
38854,269,39123,144.4386617
24653,447,25100,55.15212528
24872,114,24986,218.1754386
36046,298,36344,120.9597315
38126,106,38232,359.6792453
28138,485,28623,58.01649485
40094,266,40360,150.7293233
25206,408,25614,61.77941176
32587,543,33130,60.01289134
24803,148,24951,167.5878378
25123,313,25436,80.26517572
34176,235,34411,145.4297872
39534,401,39935,98.58852868
23954,166,24120,144.3012048
27128,472,27600,57.47457627
39313,222,39535,177.0855856
23276,621,23897,37.48148148
28933,321,29254,90.13395639
29577,154,29731,192.0584416
27900,249,28149,112.0481928
24788,381,25169,65.06036745
25672,442,26114,58.08144796
45795,334,46129,137.1107784
30410,554,30964,54.89169675
36509,505,37014,72.2950495
28053,346,28399,81.07803468
31804,99,31903,321.2525253
27710,250,27960,110.84
37407,450,37857,83.12666667
33665,912,34577,36.91337719
26937,422,27359,63.83175355
24355,80,24435,304.4375
40781,272,41053,149.9301471
23150,87,23237,266.091954
42278,121,42399,349.4049587
26370,722,27092,36.52354571
35978,620,36598,58.02903226
29655,468,30123,63.36538462
27825,389,28214,71.52956298
26633,584,27217,45.60445205
23932,260,24192,92.04615385
25578,524,26102,48.8129771
25541,288,25829,88.68402778
27064,455,27519,59.48131868
23972,307,24279,78.08469055
31714,275,31989,115.3236364
45323,271,45594,167.2435424
27083,431,27514,62.83758701
27943,140,28083,199.5928571
27734,455,28189,60.95384615
33647,285,33932,118.0596491
26722,242,26964,110.4214876
24002,327,24329,73.40061162
24620,501,25121,49.14171657
40267,414,40681,97.26328502
23046,116,23162,198.6724138
39877,288,40165,138.4618056
23629,215,23844,109.9023256
33021,143,33164,230.9160839
30541,381,30922,80.16010499
29739,467,30206,63.68094218
24177,277,24454,87.28158845
28213,468,28681,60.28418803
29417,179,29596,164.3407821
36523,301,36824,121.3388704
30270,265,30535,114.2264151
33016,571,33587,57.82136602
25027,326,25353,76.76993865
26526,263,26789,100.8593156
23757,208,23965,114.2163462
25607,196,25803,130.6479592
25238,281,25519,89.81494662
30855,430,31285,71.75581395
28375,189,28564,150.1322751
26783,599,27382,44.71285476
28801,90,28891,320.0111111
24943,218,25161,114.4174312
29980,384,30364,78.07291667
26498,191,26689,138.7329843
24082,359,24441,67.08077994
25309,86,25395,294.2906977
23279,413,23692,56.36561743
29400,532,29932,55.26315789
30016,459,30475,65.39433551
26065,475,26540,54.87368421
27379,351,27730,78.002849
32144,291,32435,110.4604811
32919,378,33297,87.08730159
31516,890,32406,35.41123596
23868,238,24106,100.2857143
29491,508,29999,58.05314961
27123,228,27351,118.9605263
24197,180,24377,134.4277778
28629,159,28788,180.0566038
33281,173,33454,192.3757225
43682,342,44024,127.7251462
31966,219,32185,145.9634703
25722,410,26132,62.73658537
24340,159,24499,153.081761
25913,333,26246,77.81681682
25785,719,26504,35.86230876
23712,223,23935,106.3318386
24944,280,25224,89.08571429
45193,504,45697,89.66865079
24173,417,24590,57.96882494
22969,455,23424,50.48131868
27067,530,27597,51.06981132
30211,287,30498,105.2648084
38618,204,38822,189.3039216
30626,520,31146,58.89615385
28710,331,29041,86.73716012
24278,210,24488,115.6095238
26963,291,27254,92.65635739
39618,123,39741,322.097561
25401,554,25955,45.85018051
35325,203,35528,174.0147783
33815,318,34133,106.336478
37604,322,37926,116.7826087
37768,114,37882,331.2982456
26138,445,26583,58.73707865
33550,441,33991,76.07709751
45399,365,45764,124.3808219
28700,141,28841,203.5460993
24141,380,24521,63.52894737
23357,284,23641,82.24295775
23021,652,23673,35.30828221
24054,283,24337,84.99646643
32122,728,32850,44.12362637
26045,427,26472,60.99531616
27915,273,28188,102.2527473
35041,805,35846,43.52919255
28269,377,28646,74.98408488
40051,92,40143,435.3369565
23814,298,24112,79.91275168
27771,393,28164,70.66412214
23062,272,23334,84.78676471
24857,632,25489,39.3306962
37064,202,37266,183.4851485
29469,444,29913,66.37162162
40739,98,40837,415.7040816
24568,384,24952,63.97916667
35448,125,35573,283.584
26310,312,26622,84.32692308
44853,139,44992,322.6834532
27481,211,27692,130.2417062
36978,222,37200,166.5675676
31156,405,31561,76.92839506
36514,321,36835,113.7507788
24185,287,24472,84.26829268
26661,113,26774,235.9380531
34071,107,34178,318.4205607
27343,263,27606,103.9657795
24152,199,24351,121.3668342
45617,226,45843,201.8451327
24477,346,24823,70.74277457
36303,1493,37796,24.3154722
31282,275,31557,113.7527273
29761,164,29925,181.4695122
23238,272,23510,85.43382353
41839,471,42310,88.83014862
33596,412,34008,81.54368932
35219,708,35927,49.74435028
26110,198,26308,131.8686869
27325,186,27511,146.9086022
28967,436,29403,66.43807339
39203,391,39594,100.2634271
37691,385,38076,97.8987013
24576,187,24763,131.4224599
31358,152,31510,206.3026316
29520,224,29744,131.7857143
24915,337,25252,73.93175074
24128,566,24694,42.62897527
37030,132,37162,280.530303
24470,247,24717,99.06882591
37199,479,37678,77.65970772
33207,305,33512,108.8754098
29562,216,29778,136.8611111
37254,425,37679,87.65647059
33378,246,33624,135.6829268
24909,375,25284,66.424
32076,275,32351,116.64
25751,546,26297,47.16300366
32932,502,33434,65.60159363
29433,166,29599,177.3072289
24208,443,24651,54.64559819
23956,441,24397,54.32199546
23118,264,23382,87.56818182
23085,167,23252,138.2335329
28062,699,28761,40.14592275
26171,418,26589,62.61004785
30435,176,30611,172.9261364
25100,570,25670,44.03508772
31725,628,32353,50.51751592
28177,254,28431,110.9330709
23182,419,23601,55.32696897
29078,134,29212,217
27054,281,27335,96.27758007
23598,407,24005,57.98034398
24441,212,24653,115.2877358
33327,693,34020,48.09090909
23520,293,23813,80.27303754
33393,144,33537,231.8958333
26450,371,26821,71.29380054
25075,597,25672,42.00167504
25924,164,26088,158.0731707
30990,460,31450,67.36956522
32326,239,32565,135.2552301
24240,167,24407,145.1497006
30828,247,31075,124.8097166
26460,114,26574,232.1052632
23949,418,24367,57.29425837
32445,207,32652,156.7391304
24321,345,24666,70.49565217
24679,216,24895,114.2546296
24686,298,24984,82.83892617
24818,83,24901,299.0120482
37572,429,38001,87.58041958
28599,425,29024,67.29176471
28550,311,28861,91.80064309
31770,372,32142,85.40322581
44320,270,44590,164.1481481
23789,127,23916,187.3149606
32224,90,32314,358.0444444
25409,206,25615,123.3446602
24265,673,24938,36.05497771
25942,593,26535,43.7470489
42806,501,43307,85.44111776
28950,420,29370,68.92857143
35221,71,35292,496.0704225
23882,138,24020,173.057971
30638,629,31267,48.709062
30656,548,31204,55.94160584
29687,270,29957,109.9518519
23262,501,23763,46.43113772
34635,290,34925,119.4310345
24309,194,24503,125.3041237
27352,320,27672,85.475
29522,153,29675,192.9542484
36109,113,36222,319.5486726
24049,513,24562,46.8791423
32494,291,32785,111.6632302
31851,465,32316,68.49677419
24748,193,24941,128.2279793
27490,557,28047,49.35368043
42689,356,43045,119.9129213
33839,292,34131,115.8869863
38191,140,38331,272.7928571
36510,277,36787,131.8050542
36110,177,36287,204.0112994
42637,327,42964,130.3883792
24508,256,24764,95.734375
23479,388,23867,60.5128866
40330,396,40726,101.8434343
32293,193,32486,167.3212435
27545,78,27623,353.1410256
29662,191,29853,155.2984293
25236,303,25539,83.28712871
23342,486,23828,48.02880658
22932,286,23218,80.18181818
26259,83,26342,316.373494
27771,920,28691,30.18586957
39508,222,39730,177.963964
24460,529,24989,46.23818526
24148,293,24441,82.41638225
36783,221,37004,166.438914
24886,119,25005,209.1260504
33246,684,33930,48.60526316
35530,139,35669,255.6115108
41105,865,41970,47.52023121
42953,306,43259,140.369281
34183,243,34426,140.6707819
34633,437,35070,79.25171625
27792,260,28052,106.8923077
28035,120,28155,233.625
32008,529,32537,60.50661626
23750,310,24060,76.61290323
26261,281,26542,93.45551601
25107,301,25408,83.41196013
27578,517,28095,53.34235977
25044,539,25583,46.46382189
28626,496,29122,57.71370968
27211,265,27476,102.6830189
37933,553,38486,68.59493671
24046,544,24590,44.20220588
26546,176,26722,150.8295455
24301,95,24396,255.8
29937,592,30529,50.56925676
41528,58,41586,716
31772,414,32186,76.74396135
24544,260,24804,94.4
25187,331,25518,76.09365559
24446,440,24886,55.55909091
26464,166,26630,159.4216867
33007,262,33269,125.980916
33802,562,34364,60.14590747
23613,163,23776,144.8650307
25689,175,25864,146.7942857
25252,332,25584,76.06024096
23152,234,23386,98.94017094
24429,215,24644,113.6232558
26912,461,27373,58.37744035
26591,385,26976,69.06753247
23659,301,23960,78.6013289
31071,217,31288,143.1843318
23885,155,24040,154.0967742
23193,220,23413,105.4227273
44945,437,45382,102.8489703
27944,248,28192,112.6774194
30475,743,31218,41.01615074
24965,257,25222,97.14007782
32295,160,32455,201.84375
33792,385,34177,87.77142857
24979,204,25183,122.4460784
34385,229,34614,150.1528384
43009,370,43379,116.2405405
28988,149,29137,194.5503356
26900,304,27204,88.48684211
24828,571,25399,43.48161121
28444,162,28606,175.5802469
40864,145,41009,281.8206897
24529,432,24961,56.78009259
24875,128,25003,194.3359375
34031,153,34184,222.4248366
26487,201,26688,131.7761194
36803,264,37067,139.405303
27011,260,27271,103.8884615
44478,433,44911,102.7205543
23841,408,24249,58.43382353
33987,331,34318,102.6797583
29447,416,29863,70.78605769
23126,612,23738,37.7875817
34047,154,34201,221.0844156
24853,492,25345,50.51422764
27939,408,28347,68.47794118
34629,625,35254,55.4064
27147,426,27573,63.72535211
30987,397,31384,78.05289673
27328,220,27548,124.2181818
26801,55,26856,487.2909091
30961,568,31529,54.50880282
23195,397,23592,58.4256927
29440,171,29611,172.1637427
33709,81,33790,416.1604938
38969,544,39513,71.63419118
25112,122,25234,205.8360656
23294,363,23657,64.1707989
24488,459,24947,53.35076253
32904,495,33399,66.47272727
23355,375,23730,62.28
42461,529,42990,80.26654064
38611,355,38966,108.7633803
30719,327,31046,93.94189602
27313,207,27520,131.9468599
30151,39,30190,773.1025641
31488,516,32004,61.02325581
24296,546,24842,44.4981685
31982,169,32151,189.2426036
37562,425,37987,88.38117647
27008,239,27247,113.0041841
25654,357,26011,71.85994398
28482,225,28707,126.5866667
31874,46,31920,692.9130435
27723,104,27827,266.5673077
28698,396,29094,72.46969697
41997,273,42270,153.8351648
23971,926,24897,25.88660907
23956,129,24085,185.7054264
31063,326,31389,95.28527607
30537,431,30968,70.85150812
35356,354,35710,99.87570621
43163,497,43660,86.84708249
30382,249,30631,122.0160643
31537,330,31867,95.56666667
33549,376,33925,89.22606383
27682,327,28009,84.65443425
27622,160,27782,172.6375
38403,919,39322,41.78781284
24435,457,24892,53.46827133
24626,389,25015,63.3059126
31090,225,31315,138.1777778
37196,402,37598,92.52736318
25942,555,26497,46.74234234
27327,471,27798,58.01910828
24110,321,24431,75.10903427
36375,483,36858,75.31055901
28054,441,28495,63.61451247
30458,223,30681,136.5829596
31187,200,31387,155.935
38735,324,39059,119.5524691
23835,77,23912,309.5454545
31196,249,31445,125.2851406
32889,399,33288,82.42857143
43507,453,43960,96.0419426
30549,79,30628,386.6962025
25304,99,25403,255.5959596
40846,164,41010,249.0609756
32079,645,32724,49.73488372
27306,452,27758,60.41150442
23560,285,23845,82.66666667
31848,365,32213,87.25479452
29020,170,29190,170.7058824
32309,194,32503,166.5412371
28530,172,28702,165.872093
26693,216,26909,123.5787037
23985,777,24762,30.86872587
24266,341,24607,71.16129032
27567,297,27864,92.81818182
23285,136,23421,171.2132353
26577,285,26862,93.25263158
24758,234,24992,105.8034188
35291,115,35406,306.8782609
28976,132,29108,219.5151515
27498,144,27642,190.9583333
27429,484,27913,56.6714876
26110,225,26335,116.0444444
23305,649,23954,35.90909091
37203,90,37293,413.3666667
25738,366,26104,70.32240437
24329,276,24605,88.14855072
23058,161,23219,143.2173913
33001,297,33298,111.1144781
25470,447,25917,56.97986577
28816,347,29163,83.04322767
26025,326,26351,79.83128834
26694,146,26840,182.8356164
32878,277,33155,118.6931408
26688,378,27066,70.6031746
24885,586,25471,42.46587031
30408,333,30741,91.31531532
38741,75,38816,516.5466667
24685,177,24862,139.4632768
28762,193,28955,149.0259067
25328,261,25589,97.04214559
31613,381,31994,82.97375328
26404,302,26706,87.43046358
25208,351,25559,71.81766382
36693,423,37116,86.74468085
28830,3839,32669,7.509768169
23985,431,24416,55.64965197
43076,381,43457,113.0603675
26401,628,27029,42.03980892
27443,320,27763,85.759375
25109,535,25644,46.93271028
27104,675,27779,40.15407407
30459,890,31349,34.22359551
26125,312,26437,83.73397436
25991,117,26108,222.1452991
25465,287,25752,88.728223
32497,168,32665,193.4345238
29161,660,29821,44.18333333
23863,419,24282,56.9522673
30811,487,31298,63.26694045
26372,583,26955,45.23499142
27779,161,27940,172.5403727
27034,225,27259,120.1511111
24683,115,24798,214.6347826
32863,495,33358,66.38989899
23733,202,23935,117.490099
24237,305,24542,79.46557377
23731,465,24196,51.0344086
29614,183,29797,161.8251366
24663,274,24937,90.01094891
23830,369,24199,64.5799458
28136,2443,30579,11.51698731
28967,117,29084,247.5811966
24804,467,25271,53.11349036
41914,445,42359,94.18876404
28220,460,28680,61.34782609
33328,299,33627,111.4648829
24989,214,25203,116.771028
30506,3250,33756,9.386461538
26852,341,27193,78.74486804
25924,477,26401,54.34800839
31703,383,32086,82.77545692
25317,173,25490,146.3410405
23463,433,23896,54.18706697
23401,187,23588,125.1390374
28034,288,28322,97.34027778
31714,275,31989,115.3236364
29913,455,30368,65.74285714
29070,399,29469,72.85714286
39884,197,40081,202.4568528
33715,113,33828,298.3628319
28485,250,28735,113.94
24208,218,24426,111.0458716
27695,336,28031,82.42559524
24687,435,25122,56.75172414
27398,181,27579,151.3701657
24666,249,24915,99.06024096
43031,3880,46911,11.09046392
23836,422,24258,56.48341232
32522,171,32693,190.1871345
23724,573,24297,41.40314136
24481,140,24621,174.8642857
25856,497,26353,52.02414487
30662,364,31026,84.23626374
34276,523,34799,65.53728489
25493,112,25605,227.6160714
23901,265,24166,90.19245283
24265,133,24398,182.443609
37708,548,38256,68.81021898
25582,207,25789,123.5845411
36165,101,36266,358.0693069
29733,232,29965,128.1594828
28493,183,28676,155.6994536
43924,419,44343,104.8305489
25198,260,25458,96.91538462
23291,553,23844,42.11754069
24146,520,24666,46.43461538
26118,104,26222,251.1346154
28236,482,28718,58.58091286
30844,656,31500,47.01829268
30186,165,30351,182.9454545
23625,331,23956,71.37462236
24657,162,24819,152.2037037
25719,534,26253,48.16292135
24290,440,24730,55.20454545
29659,259,29918,114.5135135
24463,962,25425,25.42931393
26961,218,27179,123.6743119
25307,190,25497,133.1947368
41696,333,42029,125.2132132
32238,233,32471,138.360515
28736,312,29048,92.1025641
24435,142,24577,172.0774648
23352,418,23770,55.86602871
28107,276,28383,101.8369565
28772,147,28919,195.7278912
35171,55,35226,639.4727273
23185,399,23584,58.10776942
23078,332,23410,69.51204819
28860,402,29262,71.79104478
35892,473,36365,75.88160677
32339,505,32844,64.03762376
24373,290,24663,84.04482759
32705,413,33118,79.18886199
23054,251,23305,91.84860558
23463,506,23969,46.36956522
27720,376,28096,73.72340426
27540,439,27979,62.73348519
40567,436,41003,93.04357798
26253,354,26607,74.16101695
32622,309,32931,105.5728155
39422,159,39581,247.9371069
38858,359,39217,108.2395543
29538,111,29649,266.1081081
31208,248,31456,125.8387097
31915,371,32286,86.02425876
27509,430,27939,63.9744186
24292,94,24386,258.4255319
26933,265,27198,101.6339623
23900,187,24087,127.8074866
35796,6533,42329,5.479259146
25265,1032,26297,24.48158915
30034,111,30145,270.5765766
26595,264,26859,100.7386364
28955,970,29925,29.85051546
27968,77,28045,363.2207792
24067,324,24391,74.2808642
23483,162,23645,144.9567901
42589,373,42962,114.1796247
36061,158,36219,228.2341772
24837,746,25583,33.29356568
30464,429,30893,71.01165501
26505,225,26730,117.8
23497,125,23622,187.976
33755,380,34135,88.82894737
23326,196,23522,119.0102041
32540,519,33059,62.69749518
33730,557,34287,60.55655296
34509,176,34685,196.0738636
23453,367,23820,63.90463215
25846,361,26207,71.59556787
26729,337,27066,79.31454006
36164,330,36494,109.5878788
44516,213,44729,208.9953052
26038,158,26196,164.7974684
30555,161,30716,189.7826087
30506,356,30862,85.69101124
25331,156,25487,162.3782051
27184,241,27425,112.7966805
24033,96,24129,250.34375
26789,405,27194,66.14567901
25750,156,25906,165.0641026
27207,326,27533,83.45705521
31043,638,31681,48.65673981
31128,142,31270,219.2112676
28828,215,29043,134.0837209
24601,414,25015,59.42270531
35435,295,35730,120.1186441
26570,397,26967,66.92695214
37943,86,38029,441.1976744
35674,210,35884,169.8761905
29790,101,29891,294.950495
23920,202,24122,118.4158416
24522,132,24654,185.7727273
24701,332,25033,74.40060241
24643,141,24784,174.7730496
24201,181,24382,133.7071823
23603,325,23928,72.62461538
24451,282,24733,86.70567376
23235,183,23418,126.9672131
30051,733,30784,40.99727149
24008,123,24131,195.1869919
23233,445,23678,52.20898876
24242,205,24447,118.2536585
31124,438,31562,71.05936073
23265,431,23696,53.97911833
34464,160,34624,215.4
40207,232,40439,173.3060345
32543,189,32732,172.1851852
39928,313,40241,127.5654952
23886,307,24193,77.80456026
29601,126,29727,234.9285714
30696,489,31185,62.77300613
24967,409,25376,61.04400978
28608,721,29329,39.67822469
31382,514,31896,61.05447471
23822,232,24054,102.6810345
27355,614,27969,44.55211726
24193,548,24741,44.14781022
27349,625,27974,43.7584
24318,548,24866,44.37591241
26608,209,26817,127.3110048
26380,467,26847,56.4882227
31942,757,32699,42.19550859
38975,342,39317,113.9619883
23587,507,24094,46.52268245
23141,366,23507,63.22677596
24388,265,24653,92.03018868
29196,517,29713,56.47195358
23850,286,24136,83.39160839
25503,246,25749,103.6707317
24376,85,24461,286.7764706
23593,243,23836,97.09053498
29774,67,29841,444.3880597
22935,355,23290,64.6056338
45353,247,45600,183.6153846
28701,108,28809,265.75
38906,214,39120,181.8037383
24202,165,24367,146.6787879
27146,173,27319,156.9132948
24282,536,24818,45.30223881
26916,290,27206,92.8137931
43589,289,43878,150.8269896
24083,166,24249,145.0783133
37357,157,37514,237.9426752
25614,471,26085,54.38216561
36563,252,36815,145.0912698
42464,35,42499,1213.257143
23787,409,24196,58.15892421
25158,179,25337,140.547486
42656,136,42792,313.6470588
24432,305,24737,80.10491803
25872,179,26051,144.5363128
29857,844,30701,35.37559242
30303,306,30609,99.02941176
26764,406,27170,65.92118227
37527,174,37701,215.6724138
23813,419,24232,56.83293556
25716,528,26244,48.70454545
29123,561,29684,51.91265597
23134,211,23345,109.6398104
33064,250,33314,132.256
27370,352,27722,77.75568182
32074,205,32279,156.4585366
28493,257,28750,110.8677043
36333,113,36446,321.5309735
25168,331,25499,76.03625378
37209,346,37555,107.5404624
32007,280,32287,114.3107143
34724,552,35276,62.9057971
24593,215,24808,114.3860465
23624,438,24062,53.93607306
25995,173,26168,150.2601156
25766,163,25929,158.0736196
34350,690,35040,49.7826087
27640,328,27968,84.26829268
26623,139,26762,191.5323741
40157,383,40540,104.848564
24606,326,24932,75.47852761
24682,225,24907,109.6977778
39606,347,39953,114.1383285
41114,117,41231,351.4017094
32652,242,32894,134.9256198
24593,653,25246,37.66156202
27137,456,27593,59.51096491
23651,76,23727,311.1973684
23324,271,23595,86.06642066
30073,439,30512,68.50341686
23515,141,23656,166.7730496
29186,270,29456,108.0962963
23655,525,24180,45.05714286
24189,862,25051,28.06148492
27133,547,27680,49.60329068
28927,186,29113,155.5215054
23013,244,23257,94.31557377
34743,1119,35862,31.04825737
26570,177,26747,150.1129944
23750,493,24243,48.17444219
42809,198,43007,216.2070707
24789,117,24906,211.8717949
24070,756,24826,31.83862434
28376,645,29021,43.99379845
27077,317,27394,85.41640379
26557,831,27388,31.95788207
28174,605,28779,46.56859504
25127,434,25561,57.89631336
24780,327,25107,75.77981651
43186,556,43742,77.67266187
29683,198,29881,149.9141414
25711,392,26103,65.58928571
26262,240,26502,109.425
26561,564,27125,47.09397163
30842,249,31091,123.8634538
31392,319,31711,98.40752351
28382,414,28796,68.55555556
42086,368,42454,114.3641304
28144,291,28435,96.71477663
27825,487,28312,57.13552361
23216,314,23530,73.93630573
23565,392,23957,60.11479592
23626,517,24143,45.69825919
31273,116,31389,269.5948276
31139,389,31528,80.04884319
41033,170,41203,241.3705882
29568,186,29754,158.9677419
29020,575,29595,50.46956522
23130,352,23482,65.71022727
29465,236,29701,124.8516949
28884,349,29233,82.76217765
24919,397,25316,62.76826196
25988,427,26415,60.8618267
24891,600,25491,41.485
39556,592,40148,66.81756757
26194,364,26558,71.96153846
23524,310,23834,75.88387097
24527,392,24919,62.56887755
27246,510,27756,53.42352941
27000,489,27489,55.21472393
24052,150,24202,160.3466667
26542,300,26842,88.47333333
23544,78,23622,301.8461538
25658,529,26187,48.50283554
25468,656,26124,38.82317073
25266,506,25772,49.93280632
30522,386,30908,79.07253886
27297,208,27505,131.2355769
24979,225,25204,111.0177778
34498,237,34735,145.5611814
31731,412,32143,77.01699029
26330,191,26521,137.8534031
28969,141,29110,205.4539007
30939,522,31461,59.27011494
37109,403,37512,92.08188586
28248,163,28411,173.3006135
31841,298,32139,106.8489933
27623,722,28345,38.25900277
30403,46,30449,660.9347826
40738,306,41044,133.130719
30304,151,30455,200.6887417
23484,315,23799,74.55238095
31419,192,31611,163.640625
33758,503,34261,67.11332008
24666,184,24850,134.0543478
29583,131,29714,225.8244275
26610,363,26973,73.30578512
26444,143,26587,184.9230769
29819,392,30211,76.06887755
27453,160,27613,171.58125
33332,253,33585,131.7470356
29013,178,29191,162.994382
29033,129,29162,225.0620155
27559,500,28059,55.118
28758,280,29038,102.7071429
25544,168,25712,152.047619
25854,222,26076,116.4594595
26170,152,26322,172.1710526
24888,91,24979,273.4945055
27256,377,27633,72.29708223
24421,390,24811,62.61794872
36288,446,36734,81.3632287
32582,403,32985,80.84863524
24110,227,24337,106.2114537
25572,536,26108,47.70895522
33566,915,34481,36.68415301
27630,370,28000,74.67567568
27420,217,27637,126.359447
40998,356,41354,115.1629213
31768,179,31947,177.4748603
23992,241,24233,99.55186722
25799,81,25880,318.5061728
33724,78,33802,432.3589744
22923,454,23377,50.49118943
27934,389,28323,71.80976864
24624,256,24880,96.1875
41335,957,42292,43.1922675
28002,668,28670,41.91916168
34111,545,34656,62.58899083
26351,265,26616,99.43773585
35078,39,35117,899.4358974
33586,182,33768,184.5384615
26061,518,26579,50.31081081
33121,636,33757,52.07704403
23351,88,23439,265.3522727
31559,184,31743,171.5163043
25727,168,25895,153.1369048
38500,373,38873,103.2171582
27373,164,27537,166.9085366
24742,408,25150,60.64215686
29743,226,29969,131.6061947
23794,154,23948,154.5064935
24327,399,24726,60.96992481
23702,133,23835,178.2105263
32347,168,32515,192.5416667
36979,115,37094,321.5565217
26807,331,27138,80.98791541
40083,522,40605,76.78735632
24027,356,24383,67.49157303
27648,249,27897,111.0361446
28500,317,28817,89.90536278
35112,398,35510,88.22110553
43753,339,44092,129.0648968
25692,372,26064,69.06451613
28888,309,29197,93.48867314
39910,262,40172,152.3282443
23868,374,24242,63.81818182
29528,451,29979,65.47228381
33065,478,33543,69.17364017
30078,317,30395,94.88328076
23637,222,23859,106.472973
33319,129,33448,258.2868217
27329,332,27661,82.31626506
23015,147,23162,156.5646259
45238,418,45656,108.2248804
23562,302,23864,78.01986755
25290,496,25786,50.98790323
32646,308,32954,105.9935065
37905,232,38137,163.3836207
26297,237,26534,110.9578059
23565,644,24209,36.59161491
27691,360,28051,76.91944444
25199,289,25488,87.19377163
33888,330,34218,102.6909091
26775,184,26959,145.5163043
32598,259,32857,125.8610039
31178,434,31612,71.83870968
29157,192,29349,151.859375
24795,250,25045,99.18
22966,569,23535,40.36203866
28876,280,29156,103.1285714
25653,154,25807,166.5779221
25139,296,25435,84.92905405
35198,299,35497,117.7190635
27231,174,27405,156.5
22921,559,23480,41.00357782
29543,286,29829,103.2972028
34389,385,34774,89.32207792
24017,254,24271,94.55511811
33268,254,33522,130.976378
26552,224,26776,118.5357143
38213,307,38520,124.4723127
24958,393,25351,63.50636132
34570,316,34886,109.3987342
25443,293,25736,86.83617747
25859,271,26130,95.42066421
36077,345,36422,104.5710145
26124,215,26339,121.5069767
27344,437,27781,62.57208238
25512,101,25613,252.5940594
26133,317,26450,82.4384858
37680,115,37795,327.6521739
27252,422,27674,64.57819905
27317,295,27612,92.6
23345,171,23516,136.5204678
27813,377,28190,73.77453581
26992,154,27146,175.2727273
30845,160,31005,192.78125
31014,77,31091,402.7792208
25662,461,26123,55.6659436
31148,57,31205,546.4561404
30690,294,30984,104.3877551
27676,369,28045,75.00271003
33605,322,33927,104.363354
22929,208,23137,110.2355769
23322,241,23563,96.77178423
28373,79,28452,359.1518987
42999,162,43161,265.4259259
34000,290,34290,117.2413793
44484,76,44560,585.3157895
24449,353,24802,69.26062323
31300,285,31585,109.8245614
38326,121,38447,316.7438017
23816,337,24153,70.67062315
23643,422,24065,56.02606635
26680,488,27168,54.67213115
26369,133,26502,198.2631579
43607,266,43873,163.9360902
24220,469,24689,51.64179104
26540,207,26747,128.2125604
25079,119,25198,210.7478992
25686,377,26063,68.13262599
44859,214,45073,209.6214953
24641,301,24942,81.86378738
33614,145,33759,231.8206897
23936,279,24215,85.7921147
24149,962,25111,25.1029106
30698,315,31013,97.45396825
31267,351,31618,89.07977208
24972,190,25162,131.4315789
29959,389,30348,77.01542416
44409,101,44510,439.6930693
24171,487,24658,49.63244353
45159,179,45338,252.2849162
26479,177,26656,149.5988701
23558,430,23988,54.78604651
30059,5665,35724,5.306090026
24040,194,24234,123.9175258
42473,339,42812,125.2890855
23803,331,24134,71.91238671
24119,299,24418,80.66555184
24679,180,24859,137.1055556
25988,332,26320,78.27710843
30708,156,30864,196.8461538
38808,208,39016,186.5769231
28661,468,29129,61.24145299
26483,332,26815,79.76807229
43529,152,43681,286.375
25836,339,26175,76.21238938
27127,428,27555,63.38084112
25676,140,25816,183.4
25905,439,26344,59.00911162
29088,352,29440,82.63636364
24015,383,24398,62.70234987
35278,249,35527,141.6787149
30506,697,31203,43.76757532
32078,93,32171,344.9247312
34001,222,34223,153.1576577
27557,426,27983,64.68779343
37099,533,37632,69.60412758
29274,537,29811,54.51396648
30493,261,30754,116.8314176
43975,519,44494,84.73025048
30161,293,30454,102.9385666
34262,295,34557,116.1423729
22947,494,23441,46.451417
42575,206,42781,206.6747573
27476,345,27821,79.64057971
35996,634,36630,56.77602524
23580,277,23857,85.12635379
23596,100,23696,235.96
44147,254,44401,173.8070866
26822,218,27040,123.0366972
29773,245,30018,121.522449
24874,365,25239,68.14794521
26720,193,26913,138.4455959
26751,466,27217,57.4055794
35370,182,35552,194.3406593
26943,678,27621,39.73893805
24805,126,24931,196.8650794
28092,279,28371,100.688172
29499,204,29703,144.6029412
29536,185,29721,159.6540541
24819,88,24907,282.0340909
27281,666,27947,40.96246246
40155,468,40623,85.80128205
29642,642,30284,46.17133956
36567,84,36651,435.3214286
32578,547,33125,59.55758684
25406,321,25727,79.14641745
26997,123,27120,219.4878049
23136,443,23579,52.22573363
23348,175,23523,133.4171429
23801,212,24013,112.2688679
29153,774,29927,37.66537468
23966,428,24394,55.9953271
44838,447,45285,100.3087248
27282,465,27747,58.67096774
32136,262,32398,122.6564885
42175,352,42527,119.8153409
26316,322,26638,81.72670807
35066,519,35585,67.56454721
31849,476,32325,66.90966387
33253,116,33369,286.6637931
31968,465,32433,68.7483871
27251,441,27692,61.79365079
34540,223,34763,154.8878924
28897,82,28979,352.402439
28149,525,28674,53.61714286
24605,239,24844,102.9497908
23673,316,23989,74.91455696
23173,606,23779,38.23927393
36897,1098,37995,33.60382514
35927,110,36037,326.6090909
24595,184,24779,133.6684783
23794,520,24314,45.75769231
35963,211,36174,170.4407583
25634,283,25917,90.5795053
45119,333,45452,135.4924925
34256,186,34442,184.172043
31573,190,31763,166.1736842
29576,229,29805,129.1528384
30157,93,30250,324.2688172
26502,169,26671,156.816568
27796,485,28281,57.31134021
26481,151,26632,175.3708609
23351,264,23615,88.45075758
24951,342,25293,72.95614035
25022,502,25524,49.84462151
24841,656,25497,37.86737805
23666,304,23970,77.84868421
29034,435,29469,66.74482759
37697,298,37995,126.5
33413,49,33462,681.8979592
23577,254,23831,92.82283465
27550,288,27838,95.65972222
36909,365,37274,101.1205479
30741,200,30941,153.705
28746,201,28947,143.0149254
30209,540,30749,55.94259259
31880,975,32855,32.6974359
31917,316,32233,101.0031646
32867,429,33296,76.61305361
31980,271,32251,118.0073801
28455,614,29069,46.34364821
23478,358,23836,65.58100559
26541,329,26870,80.67173252
37039,496,37535,74.67540323
29036,207,29243,140.2705314
27124,169,27293,160.4970414
33519,313,33832,107.0894569
26729,465,27194,57.48172043
28814,169,28983,170.4970414
22921,276,23197,83.04710145
30538,182,30720,167.7912088
29207,435,29642,67.14252874
33436,655,34091,51.04732824
27273,420,27693,64.93571429
24724,543,25267,45.53222836
37022,809,37831,45.76266996
40503,458,40961,88.43449782
33164,283,33447,117.1872792
24967,168,25135,148.6130952
38129,256,38385,148.9414063
36982,82,37064,451
25865,324,26189,79.83024691
26882,404,27286,66.53960396
27009,664,27673,40.67620482
27375,400,27775,68.4375
31322,276,31598,113.4855072
28581,243,28824,117.617284
24406,183,24589,133.3661202
25189,444,25633,56.73198198
24218,599,24817,40.43071786
25167,228,25395,110.3815789
23898,382,24280,62.56020942
27850,330,28180,84.39393939
24169,449,24618,53.8285078
45377,465,45842,97.58494624
26512,413,26925,64.1937046
25316,344,25660,73.59302326
42257,372,42629,113.594086
27369,541,27910,50.5896488
27740,489,28229,56.72801636
32328,496,32824,65.17741935
28152,2473,30625,11.38374444
30386,42,30428,723.4761905
38921,266,39187,146.3195489
37123,416,37539,89.23798077
36263,407,36670,89.0982801
23343,297,23640,78.5959596
24459,539,24998,45.37847866
33020,735,33755,44.92517007
41306,315,41621,131.1301587
26179,300,26479,87.26333333
23605,269,23874,87.75092937
28811,132,28943,218.2651515
28252,406,28658,69.5862069
24908,356,25264,69.96629213
25869,286,26155,90.45104895
32313,519,32832,62.26011561
30056,235,30291,127.8978723
25564,138,25702,185.2463768
45000,435,45435,103.4482759
28159,410,28569,68.6804878
33397,430,33827,77.66744186
26578,191,26769,139.1518325
33075,472,33547,70.07415254
24409,776,25185,31.45489691
25984,220,26204,118.1090909
25981,372,26353,69.84139785
24694,503,25197,49.09343936
30000,574,30574,52.26480836
41484,547,42031,75.83912249
33158,212,33370,156.4056604
28284,102,28386,277.2941176
39112,296,39408,132.1351351
26401,348,26749,75.86494253
25415,757,26172,33.57331572
32829,360,33189,91.19166667
29222,433,29655,67.48729792
31966,356,32322,89.79213483
25330,510,25840,49.66666667
30044,274,30318,109.649635
27585,679,28264,40.62592047
26100,155,26255,168.3870968
30299,370,30669,81.88918919
27205,256,27461,106.2695313
37358,192,37550,194.5729167
24503,422,24925,58.06398104
34087,259,34346,131.6100386
25331,383,25714,66.1383812
30729,586,31315,52.43856655
23561,234,23795,100.6880342
26495,621,27116,42.66505636
24540,409,24949,60
24178,614,24792,39.37785016
35041,147,35188,238.3741497
28516,106,28622,269.0188679
35906,68,35974,528.0294118
30251,199,30450,152.0150754
27170,480,27650,56.60416667
23130,266,23396,86.95488722
24843,178,25021,139.5674157
39929,451,40380,88.53436807
29149,191,29340,152.6125654
23406,173,23579,135.2947977
28351,277,28628,102.3501805
27571,2305,29876,11.96138829
29774,588,30362,50.63605442
25944,303,26247,85.62376238
24990,593,25583,42.14165261
23617,448,24065,52.71651786
41302,135,41437,305.9407407
25414,190,25604,133.7578947
33301,143,33444,232.8741259
25612,367,25979,69.78746594
27370,618,27988,44.28802589
23321,79,23400,295.2025316
28972,527,29499,54.97533207
26684,440,27124,60.64545455
33178,185,33363,179.3405405
38932,385,39317,101.1220779
26937,907,27844,29.69900772
24186,138,24324,175.2608696
43648,237,43885,184.1687764
25038,564,25602,44.39361702
30653,519,31172,59.06165703
23721,728,24449,32.58379121
27711,482,28193,57.49170124
28242,168,28410,168.1071429
30050,270,30320,111.2962963
36164,223,36387,162.1704036
24529,413,24942,59.39225182
40444,224,40668,180.5535714
23089,199,23288,116.0251256
39061,40,39101,976.525
28090,103,28193,272.7184466
25160,432,25592,58.24074074
36587,135,36722,271.0148148
25431,246,25677,103.3780488
25334,132,25466,191.9242424
25057,886,25943,28.28103837
32106,505,32611,63.57623762
29444,300,29744,98.14666667
34424,86,34510,400.2790698
28993,406,29399,71.41133005
25419,100,25519,254.19
37909,136,38045,278.7426471
37710,585,38295,64.46153846
26297,265,26562,99.23396226
29685,254,29939,116.8700787
33934,431,34365,78.73317865
34660,224,34884,154.7321429
28643,292,28935,98.09246575
29802,317,30119,94.0126183
27806,90,27896,308.9555556
37746,384,38130,98.296875
27931,224,28155,124.6919643
26405,257,26662,102.7431907
29623,190,29813,155.9105263
34916,86,35002,406
23907,358,24265,66.77932961
25527,181,25708,141.0331492
24900,263,25163,94.67680608
22961,538,23499,42.67843866
23217,384,23601,60.4609375
23191,777,23968,29.84684685
25183,351,25534,71.74643875
23183,341,23524,67.98533724
25190,300,25490,83.96666667
33127,368,33495,90.01902174
32370,63,32433,513.8095238
43409,685,44094,63.37080292
24497,160,24657,153.10625
29755,251,30006,118.5458167
23888,326,24214,73.27607362
32737,419,33156,78.13126492
29277,508,29785,57.63188976
34198,382,34580,89.52356021
23637,237,23874,99.73417722
40784,434,41218,93.97235023
32039,232,32271,138.0991379
33393,747,34140,44.70281124
27955,283,28238,98.78091873
28766,214,28980,134.4205607
24715,204,24919,121.1519608
40016,418,40434,95.73205742
26286,397,26683,66.2115869
23472,153,23625,153.4117647
23649,380,24029,62.23421053
36480,516,36996,70.69767442
29972,562,30534,53.33096085
31059,755,31814,41.13774834
24472,292,24764,83.80821918
35397,251,35648,141.0239044
26492,73,26565,362.9041096
29326,590,29916,49.70508475
31941,548,32489,58.28649635
24492,140,24632,174.9428571
25307,326,25633,77.62883436
27889,344,28233,81.07267442
23627,189,23816,125.010582
27593,158,27751,174.6392405
36754,80,36834,459.425
24076,264,24340,91.1969697
24530,553,25083,44.35804702
27422,361,27783,75.96121884
27520,372,27892,73.97849462
42184,232,42416,181.8275862
26162,340,26502,76.94705882
43601,306,43907,142.4869281
25636,727,26363,35.26272352
23322,107,23429,217.9626168
23147,515,23662,44.94563107
25869,63,25932,410.6190476
29819,345,30164,86.43188406
25745,349,26094,73.76790831
23491,418,23909,56.19856459
23003,164,23167,140.2621951
38203,318,38521,120.1352201
23054,76,23130,303.3421053
27355,183,27538,149.4808743
34367,424,34791,81.05424528
26305,526,26831,50.0095057
28882,453,29335,63.75717439
38367,271,38638,141.5756458
30219,360,30579,83.94166667
29125,267,29392,109.082397
23858,138,23996,172.884058
37078,337,37415,110.0237389
29482,360,29842,81.89444444
34961,2264,37225,15.44213781
42027,426,42453,98.65492958
23994,225,24219,106.64
31353,406,31759,77.22413793
29601,380,29981,77.89736842
26865,352,27217,76.32102273
27403,322,27725,85.10248447
23827,401,24228,59.41895262
24612,316,24928,77.88607595
34716,314,35030,110.5605096
30564,138,30702,221.4782609
33051,292,33343,113.1883562
23270,295,23565,78.88135593
24005,240,24245,100.0208333
31488,468,31956,67.28205128
24715,403,25118,61.32754342
24080,112,24192,215
25938,447,26385,58.02684564
25148,215,25363,116.9674419
23371,511,23882,45.73581213
24325,238,24563,102.2058824
29936,487,30423,61.47022587
36894,208,37102,177.375
30376,820,31196,37.04390244
36314,231,36545,157.2034632
23772,403,24175,58.98759305
31296,212,31508,147.6226415
31264,200,31464,156.32
39451,213,39664,185.2159624
24291,272,24563,89.30514706
26599,244,26843,109.0122951
34386,224,34610,153.5089286
23970,421,24391,56.93586698
26404,203,26607,130.0689655
27080,695,27775,38.96402878
23010,102,23112,225.5882353
28839,500,29339,57.678
23599,319,23918,73.97805643
26901,543,27444,49.54143646
37868,339,38207,111.7050147
34570,322,34892,107.3602484
26290,148,26438,177.6351351
35741,389,36130,91.87917738
42897,174,43071,246.5344828
26036,207,26243,125.7777778
30232,424,30656,71.30188679
25042,129,25171,194.124031
35814,158,35972,226.6708861
25913,194,26107,133.5721649
39353,595,39948,66.1394958
29717,371,30088,80.09973046
29108,246,29354,118.3252033
27143,250,27393,108.572
45654,291,45945,156.8865979
27533,180,27713,152.9611111
23146,300,23446,77.15333333
34011,391,34402,86.98465473
24693,557,25250,44.33213645
34508,351,34859,98.31339031
28510,362,28872,78.75690608
27743,482,28225,57.55809129
25963,271,26234,95.80442804
24060,683,24743,35.22693997
23797,295,24092,80.66779661
31973,331,32304,96.59516616
31022,310,31332,100.0709677
23963,293,24256,81.78498294
41057,676,41733,60.7352071
31732,221,31953,143.5837104
26380,181,26561,145.7458564
32101,628,32729,51.11624204
30858,378,31236,81.63492063
23562,89,23651,264.741573
38287,154,38441,248.6168831
40936,144,41080,284.2777778
26246,410,26656,64.01463415
33346,215,33561,155.0976744
23399,111,23510,210.8018018
32109,391,32500,82.1202046
25070,245,25315,102.3265306
26545,370,26915,71.74324324
23596,291,23887,81.08591065
26460,682,27142,38.79765396
27318,493,27811,55.41176471
25655,238,25893,107.7941176
31903,150,32053,212.6866667
23537,777,24314,30.29214929
23382,417,23799,56.07194245
27046,470,27516,57.54468085
25131,317,25448,79.27760252
27571,193,27764,142.8549223
29095,249,29344,116.8473896
34448,350,34798,98.42285714
33062,123,33185,268.796748
27404,327,27731,83.80428135
23885,311,24196,76.80064309
38776,274,39050,141.5182482
36215,133,36348,272.2932331
39651,223,39874,177.8071749
38518,361,38879,106.6980609
23360,177,23537,131.9774011
24355,130,24485,187.3461538
26687,175,26862,152.4971429
29110,215,29325,135.3953488
29280,442,29722,66.24434389
28293,1052,29345,26.89448669
26527,361,26888,73.48199446
25707,427,26134,60.20374707
26065,155,26220,168.1612903
24626,221,24847,111.4298643
37027,620,37647,59.72096774
23810,269,24079,88.51301115
33073,442,33515,74.82579186
28365,423,28788,67.05673759
43538,734,44272,59.31607629
31335,431,31766,72.70301624
35671,302,35973,118.115894
25518,959,26477,26.60896767
38452,197,38649,195.1878173
44106,91,44197,484.6813187
23963,455,24418,52.66593407
23001,460,23461,50.00217391
34003,837,34840,40.62485066
30351,380,30731,79.87105263
28963,115,29078,251.8521739
27010,309,27319,87.41100324
23136,55,23191,420.6545455
30567,461,31028,66.30585683
25740,396,26136,65
24459,440,24899,55.58863636
29418,258,29676,114.0232558
34527,180,34707,191.8166667
27972,75,28047,372.96
32986,501,33487,65.84031936
25223,374,25597,67.44117647
32729,325,33054,100.7046154
29956,335,30291,89.42089552
32019,412,32431,77.71601942
24693,719,25412,34.34353268
31784,380,32164,83.64210526
24172,159,24331,152.0251572
23007,223,23230,103.1704036
30795,512,31307,60.14648438
26178,708,26886,36.97457627
23823,206,24029,115.6456311
34938,299,35237,116.8494983
26308,399,26707,65.93483709
29198,116,29314,251.7068966
42385,647,43032,65.51004637
28533,353,28886,80.83002833
29146,165,29311,176.6424242
27371,465,27836,58.86236559
24772,266,25038,93.12781955
23088,284,23372,81.29577465
32965,252,33217,130.8134921
24091,167,24258,144.257485
22958,174,23132,131.9425287
29699,160,29859,185.61875
33483,479,33962,69.90187891
24736,503,25239,49.17693837
23995,405,24400,59.24691358
26337,533,26870,49.41275797
25616,131,25747,195.5419847
25846,547,26393,47.25045704
23018,273,23291,84.31501832
35720,121,35841,295.2066116
29083,679,29762,42.83210604
44922,517,45439,86.88974855
27551,192,27743,143.4947917
38278,362,38640,105.7403315
24754,368,25122,67.26630435
39051,330,39381,118.3363636
29610,360,29970,82.25
38778,273,39051,142.043956
25298,156,25454,162.1666667
26333,703,27036,37.45803698
44775,621,45396,72.10144928
32809,498,33307,65.8815261
25553,220,25773,116.15
29667,429,30096,69.15384615
24524,441,24965,55.60997732
25419,188,25607,135.2074468
26524,112,26636,236.8214286
36800,187,36987,196.7914439
24611,232,24843,106.0818966
28046,337,28383,83.22255193
24979,357,25336,69.96918768
23590,261,23851,90.38314176
31016,237,31253,130.8691983
27787,362,28149,76.75966851
27736,220,27956,126.0727273
24614,161,24775,152.8819876
29620,191,29811,155.078534
32803,271,33074,121.0442804
25261,395,25656,63.95189873
23712,517,24229,45.86460348
27367,159,27526,172.1194969
24856,365,25221,68.09863014
31158,631,31789,49.37876387
26468,491,26959,53.90631365
38504,36,38540,1069.555556
25566,322,25888,79.39751553
25625,474,26099,54.06118143
24286,152,24438,159.7763158
25321,446,25767,56.7735426
33339,211,33550,158.0047393
35832,391,36223,91.64194373
32455,43,32498,754.7674419
27916,386,28302,72.32124352
27880,63,27943,442.5396825
44940,142,45082,316.4788732
29850,644,30494,46.35093168
24057,324,24381,74.25
29066,423,29489,68.71394799
24024,415,24439,57.88915663
42838,187,43025,229.0802139
31784,210,31994,151.352381
39750,499,40249,79.65931864
44704,401,45105,111.4812968
28646,719,29365,39.84144645
33352,228,33580,146.2807018
30592,460,31052,66.50434783
23727,363,24090,65.36363636
23553,244,23797,96.52868852
27932,156,28088,179.0512821
31492,183,31675,172.0874317
32695,353,33048,92.6203966
24795,178,24973,139.2977528
24515,479,24994,51.17954071
43577,652,44229,66.83588957
32434,472,32906,68.71610169
25562,726,26288,35.20936639
26836,196,27032,136.9183673
42205,171,42376,246.8128655
35318,352,35670,100.3352273
23632,145,23777,162.9793103
28078,369,28447,76.09214092
25141,596,25737,42.18288591
44481,334,44815,133.1766467
29664,178,29842,166.6516854
25355,153,25508,165.7189542
27329,299,27628,91.40133779
31191,42,31233,742.6428571
38750,248,38998,156.25
44020,293,44313,150.2389078
23634,210,23844,112.5428571
25610,207,25817,123.7198068
28241,413,28654,68.38014528
36593,313,36906,116.9105431
23756,768,24524,30.93229167
25020,369,25389,67.80487805
25181,76,25257,331.3289474
32460,200,32660,162.3
41986,261,42247,160.8659004
29563,316,29879,93.55379747
23403,256,23659,91.41796875
22970,96,23066,239.2708333
30270,412,30682,73.47087379
23937,527,24464,45.42125237
27011,231,27242,116.9307359
24206,296,24502,81.77702703
26454,500,26954,52.908
32138,274,32412,117.2919708
27128,143,27271,189.7062937
28341,197,28538,143.8629442
25172,128,25300,196.65625
26398,329,26727,80.23708207
39215,103,39318,380.7281553
28642,101,28743,283.5841584
26485,233,26718,113.6695279
24753,333,25086,74.33333333
25473,417,25890,61.08633094
30418,146,30564,208.3424658
24964,452,25416,55.2300885
36490,396,36886,92.14646465
29218,463,29681,63.10583153
28324,470,28794,60.26382979
30456,392,30848,77.69387755
23035,469,23504,49.11513859
26114,218,26332,119.7889908
38714,424,39138,91.30660377
28379,354,28733,80.16666667
33470,295,33765,113.4576271
40924,346,41270,118.2774566
32186,326,32512,98.73006135
23258,447,23705,52.03131991
26018,150,26168,173.4533333
24368,479,24847,50.87265136
28198,482,28680,58.50207469
30031,207,30238,145.0772947
35034,189,35223,185.3650794
23730,153,23883,155.0980392
30532,444,30976,68.76576577
28376,435,28811,65.23218391
27974,414,28388,67.57004831
39504,715,40219,55.25034965
31521,213,31734,147.9859155
26695,287,26982,93.01393728
24416,314,24730,77.75796178
24605,23,24628,1069.782609
23938,169,24107,141.6449704
24065,476,24541,50.55672269
25280,478,25758,52.88702929
28760,197,28957,145.9898477
33455,408,33863,81.99754902
29929,657,30586,45.55403349
24107,292,24399,82.55821918
25851,462,26313,55.95454545
24440,179,24619,136.5363128
30095,557,30652,54.03052065
26198,498,26696,52.6064257
23657,287,23944,82.42857143
41664,529,42193,78.75992439
34984,83,35067,421.4939759
32419,108,32527,300.1759259
34548,509,35057,67.87426326
25576,389,25965,65.74807198
41787,136,41923,307.2573529
30404,192,30596,158.3541667
24630,453,25083,54.37086093
25812,146,25958,176.7945205
28060,419,28479,66.96897375
35373,403,35776,87.77419355
41609,465,42074,89.48172043
26527,100,26627,265.27
34259,898,35157,38.15033408
25056,208,25264,120.4615385
34761,202,34963,172.0841584
24186,198,24384,122.1515152
26294,314,26608,83.7388535
27815,301,28116,92.40863787
26140,135,26275,193.6296296
27279,438,27717,62.28082192
34018,289,34307,117.7093426
25575,197,25772,129.822335
40531,270,40801,150.1148148
29823,448,30271,66.56919643
33169,304,33473,109.1085526
28107,369,28476,76.17073171
29297,302,29599,97.00993377
30462,476,30938,63.99579832
27585,344,27929,80.18895349
27576,327,27903,84.33027523
41328,427,41755,96.78688525
23625,242,23867,97.62396694
40101,153,40254,262.0980392
28036,398,28434,70.44221106
27503,383,27886,71.80939948
23431,234,23665,100.1324786
23197,511,23708,45.39530333
24065,167,24232,144.1017964
41466,628,42094,66.02866242
43983,357,44340,123.2016807
29197,266,29463,109.7631579
27768,331,28099,83.89123867
26167,298,26465,87.80872483
31109,329,31438,94.556231
29706,313,30019,94.90734824
35298,449,35747,78.61469933
38625,517,39142,74.7098646
30054,402,30456,74.76119403
37574,154,37728,243.987013
38321,241,38562,159.0082988
30103,600,30703,50.17166667
36786,511,37297,71.98825832
42742,196,42938,218.0714286
24538,149,24687,164.6845638
26727,216,26943,123.7361111
35031,852,35883,41.11619718
24602,445,25047,55.28539326
33472,149,33621,224.6442953
25443,231,25674,110.1428571
25330,492,25822,51.48373984
31202,240,31442,130.0083333
24758,866,25624,28.58891455
22944,201,23145,114.1492537
25084,218,25302,115.0642202
23363,104,23467,224.6442308
27717,162,27879,171.0925926
32107,163,32270,196.9754601
25778,286,26064,90.13286713
25194,162,25356,155.5185185
28879,122,29001,236.7131148
24993,278,25271,89.9028777
31451,136,31587,231.2573529
27937,359,28296,77.8189415
29361,187,29548,157.0106952
34529,470,34999,73.46595745
25676,166,25842,154.6746988
25794,514,26308,50.18287938
39990,120,40110,333.25
41435,291,41726,142.3883162
25633,331,25964,77.44108761
41732,452,42184,92.32743363
23699,518,24217,45.75096525
31388,124,31512,253.1290323
27439,210,27649,130.6619048
23532,219,23751,107.4520548
29043,441,29484,65.85714286
26434,631,27065,41.89223455
23631,280,23911,84.39642857
23548,115,23663,204.7652174
38130,75,38205,508.4
35581,208,35789,171.0625
36083,177,36260,203.8587571
31071,368,31439,84.43206522
32180,139,32319,231.5107914
26030,295,26325,88.23728814
24701,269,24970,91.82527881
28351,354,28705,80.08757062
37098,510,37608,72.74117647
31747,143,31890,222.006993
42933,309,43242,138.9417476
36767,209,36976,175.9186603
25004,239,25243,104.6192469
23069,362,23431,63.72651934
28390,660,29050,43.01515152
25189,490,25679,51.40612245
23816,546,24362,43.61904762
25600,289,25889,88.58131488
33719,527,34246,63.9829222
30196,423,30619,71.38534279
27079,134,27213,202.0820896
34920,386,35306,90.46632124
27132,417,27549,65.0647482
32434,214,32648,151.5607477
24433,152,24585,160.7434211
25104,438,25542,57.31506849
27554,384,27938,71.75520833
26438,525,26963,50.35809524
32964,502,33466,65.66533865
23361,393,23754,59.44274809
24328,399,24727,60.97243108
29870,183,30053,163.2240437
36233,568,36801,63.79049296
24899,118,25017,211.0084746
30221,474,30695,63.75738397
23098,159,23257,145.2704403
27801,125,27926,222.408
32491,544,33035,59.72610294
33923,142,34065,238.8943662
42058,217,42275,193.8156682
23822,198,24020,120.3131313
26948,389,27337,69.27506427
25897,360,26257,71.93611111
34467,254,34721,135.6968504
23138,608,23746,38.05592105
23249,273,23522,85.16117216
26234,302,26536,86.86754967
30387,204,30591,148.9558824
29425,207,29632,142.1497585
23621,451,24072,52.37472284
30522,192,30714,158.96875
33822,346,34168,97.75144509
41804,153,41957,273.2287582
40260,215,40475,187.255814
25141,140,25281,179.5785714
23892,281,24173,85.02491103
30092,298,30390,100.9798658
37486,37,37523,1013.135135
25722,180,25902,142.9
45055,137,45192,328.8686131
29506,265,29771,111.3433962
28844,408,29252,70.69607843
25079,166,25245,151.0783133
40320,359,40679,112.3119777
29014,313,29327,92.69648562
23403,344,23747,68.03197674
45420,289,45709,157.1626298
28436,65,28501,437.4769231
41889,481,42370,87.08731809
26188,499,26687,52.48096192
35959,709,36668,50.71791255
25145,320,25465,78.578125
45086,340,45426,132.6058824
24862,502,25364,49.52589641
25390,127,25517,199.9212598
23087,375,23462,61.56533333
31371,550,31921,57.03818182
25891,486,26377,53.27366255
23333,307,23640,76.00325733
23204,165,23369,140.630303
23510,400,23910,58.775
31001,222,31223,139.6441441
30337,381,30718,79.62467192
27010,231,27241,116.9264069
25590,326,25916,78.49693252
24460,143,24603,171.048951
27196,318,27514,85.52201258
39503,157,39660,251.611465
23274,275,23549,84.63272727
26313,14,26327,1879.5
28599,477,29076,59.95597484
29147,367,29514,79.41961853
39641,2021,41662,19.61454725
31493,133,31626,236.7894737
33050,203,33253,162.8078818
25821,240,26061,107.5875
37061,323,37384,114.7399381
25674,346,26020,74.20231214
34574,162,34736,213.4197531
24539,419,24958,58.56563246
27537,111,27648,248.0810811
24898,343,25241,72.58892128
33720,398,34118,84.72361809
43643,300,43943,145.4766667
27453,371,27824,73.99730458
30833,354,31187,87.09887006
37686,441,38127,85.45578231
23187,125,23312,185.496
24166,565,24731,42.77168142
24548,233,24781,105.3562232
25169,42,25211,599.2619048
28025,208,28233,134.7355769
44560,933,45493,47.75991426
35148,212,35360,165.7924528
23451,278,23729,84.35611511
31548,110,31658,286.8
24144,564,24708,42.80851064
34145,315,34460,108.3968254
23302,530,23832,43.96603774
24529,397,24926,61.78589421
24397,467,24864,52.24197002
27314,284,27598,96.17605634
27423,297,27720,92.33333333
44156,106,44262,416.5660377
23951,341,24292,70.23753666
29399,147,29546,199.9931973
34351,104,34455,330.2980769
31986,530,32516,60.3509434
30461,179,30640,170.1731844
27152,400,27552,67.88
35415,554,35969,63.92599278
24254,234,24488,103.6495726
26978,246,27224,109.6666667
33831,422,34253,80.16824645
40170,244,40414,164.6311475
26451,478,26929,55.33682008
26697,1932,28629,13.81832298
24873,591,25464,42.08629442
34277,272,34549,126.0183824
41289,248,41537,166.4879032
27382,218,27600,125.6055046
24993,203,25196,123.1182266
37126,325,37451,114.2338462
42120,399,42519,105.5639098
32676,230,32906,142.0695652
24098,273,24371,88.27106227
23625,189,23814,125
26333,110,26443,239.3909091
29139,182,29321,160.1043956
24667,411,25078,60.01703163
34654,455,35109,76.16263736
22961,429,23390,53.52214452
37452,554,38006,67.60288809
26701,163,26864,163.809816
37364,157,37521,237.9872611
31812,277,32089,114.8447653
30333,187,30520,162.2085561
25394,575,25969,44.16347826
24981,284,25265,87.96126761
30465,661,31126,46.0892587
24210,429,24639,56.43356643
28468,528,28996,53.91666667
28106,231,28337,121.6709957
34701,191,34892,181.6806283
31468,441,31909,71.35600907
23953,191,24144,125.408377
23544,561,24105,41.96791444
22969,271,23240,84.75645756
42646,131,42777,325.5419847
36355,486,36841,74.80452675
24074,178,24252,135.247191
38235,160,38395,238.96875
28778,374,29152,76.94652406
37281,441,37722,84.53741497
32560,550,33110,59.2
23494,808,24302,29.07673267
23862,267,24129,89.37078652
32110,638,32748,50.32915361
26232,698,26930,37.58166189
25251,383,25634,65.92950392
36543,415,36958,88.05542169
30612,293,30905,104.4778157
26486,205,26691,129.2
39303,204,39507,192.6617647
39002,269,39271,144.9888476
25366,390,25756,65.04102564
24812,182,24994,136.3296703
38296,235,38531,162.9617021
23207,196,23403,118.4030612
23823,354,24177,67.29661017
24991,258,25249,96.86434109
24668,523,25191,47.16634799
38987,400,39387,97.4675
29830,469,30299,63.60341151
28828,395,29223,72.98227848
31268,236,31504,132.4915254
23997,379,24376,63.31662269
23105,442,23547,52.27375566
27292,209,27501,130.5837321
29266,344,29610,85.0755814
24302,201,24503,120.9054726
31721,145,31866,218.7655172
29791,153,29944,194.7124183
23292,252,23544,92.42857143
33990,283,34273,120.1060071
27724,366,28090,75.74863388
40625,420,41045,96.72619048
24737,175,24912,141.3542857
24351,279,24630,87.27956989
31323,483,31806,64.85093168
32492,176,32668,184.6136364
32264,122,32386,264.4590164
42847,770,43617,55.64545455
29713,476,30189,62.42226891
43075,1157,44232,37.22990493
26052,550,26602,47.36727273
25787,376,26163,68.58244681
24594,683,25277,36.00878477
27678,252,27930,109.8333333
24229,202,24431,119.9455446
34139,439,34578,77.76537585
29187,638,29825,45.7476489
37272,212,37484,175.8113208
24393,343,24736,71.11661808
27057,329,27386,82.24012158
27294,224,27518,121.8482143
24597,485,25082,50.71546392
35220,243,35463,144.9382716
38885,242,39127,160.6818182
23837,196,24033,121.6173469
24059,331,24390,72.6858006
31517,309,31826,101.9967638
23465,436,23901,53.81880734
23050,216,23266,106.712963
25326,259,25585,97.78378378
23177,570,23747,40.66140351
26142,585,26727,44.68717949
39026,319,39345,122.338558
26530,281,26811,94.41281139
34784,395,35179,88.06075949
26244,426,26670,61.6056338
27369,179,27548,152.8994413
34359,300,34659,114.53
31136,257,31393,121.151751
30803,396,31199,77.78535354
28417,240,28657,118.4041667
32187,618,32805,52.08252427
27559,147,27706,187.4761905
24710,509,25219,48.54616896
35868,425,36293,84.39529412
36923,162,37085,227.9197531
25112,498,25610,50.42570281
36066,263,36329,137.1330798
44394,608,45002,73.01644737
40239,240,40479,167.6625
29036,236,29272,123.0338983
36849,392,37241,94.00255102
43215,200,43415,216.075
30157,478,30635,63.08995816
38573,137,38710,281.5547445
24280,500,24780,48.56
28331,640,28971,44.2671875
36177,476,36653,76.00210084
31711,395,32106,80.28101266
35343,158,35501,223.6898734
25644,133,25777,192.8120301
27051,585,27636,46.24102564
26702,457,27159,58.42888403
35569,439,36008,81.02277904
23104,66,23170,350.0606061
24576,381,24957,64.50393701
30548,156,30704,195.8205128
34303,157,34460,218.4904459
24927,347,25274,71.83573487
24475,140,24615,174.8214286
36948,866,37814,42.66512702
26625,265,26890,100.4716981
29137,527,29664,55.28842505
25998,385,26383,67.52727273
32344,492,32836,65.7398374
40620,453,41073,89.66887417
22931,603,23534,38.02819237
28844,490,29334,58.86530612
38393,245,38638,156.7061224
24948,294,25242,84.85714286
23996,449,24445,53.44320713
27234,411,27645,66.26277372
30245,64,30309,472.578125
35767,269,36036,132.9628253
24822,715,25537,34.71608392
22959,506,23465,45.37351779
26000,501,26501,51.89620758
28220,76,28296,371.3157895
26270,390,26660,67.35897436
34537,396,34933,87.21464646
23972,264,24236,90.8030303
39526,472,39998,83.74152542
26154,488,26642,53.5942623
29062,480,29542,60.54583333
24525,92,24617,266.576087
23156,398,23554,58.18090452
43774,380,44154,115.1947368
24876,604,25480,41.18543046
30648,246,30894,124.5853659
28505,205,28710,139.0487805
30527,455,30982,67.09230769
27536,222,27758,124.036036
41784,473,42257,88.33826638
23017,347,23364,66.3314121
25840,442,26282,58.46153846
24272,217,24489,111.8525346
24589,216,24805,113.837963
25965,457,26422,56.81619256
44290,242,44532,183.0165289
29407,86,29493,341.9418605
35477,317,35794,111.9148265
24297,234,24531,103.8333333
28545,223,28768,128.0044843
24204,196,24400,123.4897959
28948,390,29338,74.22564103
25541,344,25885,74.24709302
25135,441,25576,56.99546485
24079,416,24495,57.88221154
31940,440,32380,72.59090909
28695,52,28747,551.8269231
25981,139,26120,186.9136691
26395,381,26776,69.27821522
38548,221,38769,174.4253394
35973,234,36207,153.7307692
34903,143,35046,244.0769231
24739,231,24970,107.0952381
34385,322,34707,106.7857143
24253,359,24612,67.55710306
27220,842,28062,32.32779097
26501,278,26779,95.32733813
24506,127,24633,192.9606299
30198,388,30586,77.82989691
24345,262,24607,92.91984733
24823,256,25079,96.96484375
26635,285,26920,93.45614035
32698,1834,34532,17.82878953
27693,138,27831,200.673913
28318,477,28795,59.36687631
29800,79,29879,377.2151899
31612,200,31812,158.06
25515,170,25685,150.0882353
29059,488,29547,59.54713115
38338,92,38430,416.7173913
41615,663,42278,62.76772247
26632,408,27040,65.2745098
45165,614,45779,73.55863192
23003,648,23651,35.49845679
36945,266,37211,138.8909774
32778,636,33414,51.53773585
26050,76,26126,342.7631579
23046,188,23234,122.5851064
36808,556,37364,66.20143885
30052,404,30456,74.38613861
31401,145,31546,216.5586207
32693,179,32872,182.6424581
27323,236,27559,115.7754237
30158,121,30279,249.2396694
37146,454,37600,81.81938326
33873,195,34068,173.7076923
38598,192,38790,201.03125
24030,401,24431,59.92518703
23269,206,23475,112.9563107
43478,1097,44575,39.63354603
42101,506,42607,83.20355731
24370,347,24717,70.23054755
29659,350,30009,84.74
26553,297,26850,89.4040404
45507,364,45871,125.0192308
24961,309,25270,80.77993528
24563,248,24811,99.04435484
31150,779,31929,39.98716303
34786,97,34883,358.6185567
32308,582,32890,55.51202749
23890,222,24112,107.6126126
35817,801,36618,44.71535581
28806,465,29271,61.9483871
32323,242,32565,133.5661157
38207,435,38642,87.83218391
25897,324,26221,79.92901235
24279,142,24421,170.9788732
45205,313,45518,144.4249201
43473,292,43765,148.880137
24073,804,24877,29.94154229
44940,528,45468,85.11363636
23695,148,23843,160.1013514
31464,152,31616,207
23934,548,24482,43.67518248
27007,213,27220,126.7934272
24906,456,25362,54.61842105
32109,315,32424,101.9333333
27572,316,27888,87.25316456
23339,363,23702,64.29476584
26796,294,27090,91.14285714
23905,723,24628,33.06362379
23030,440,23470,52.34090909
27685,360,28045,76.90277778
30358,145,30503,209.3655172
34449,441,34890,78.11564626
24618,630,25248,39.07619048
24979,247,25226,101.1295547
37621,366,37987,102.7896175
31851,291,32142,109.4536082
25318,467,25785,54.21413276
38323,322,38645,119.015528
42233,447,42680,94.48098434
40732,868,41600,46.92626728
29703,363,30066,81.82644628
25600,407,26007,62.8992629
27030,300,27330,90.1
38829,107,38936,362.8878505
26738,469,27207,57.01066098
25129,225,25354,111.6844444
34531,458,34989,75.39519651
24106,467,24573,51.61884368
28732,365,29097,78.71780822
25652,256,25908,100.203125
34856,325,35181,107.2492308
45466,615,46081,73.92845528
24264,421,24685,57.63420428
33890,145,34035,233.7241379
43896,152,44048,288.7894737
25916,166,26082,156.1204819
23730,243,23973,97.65432099
28241,134,28375,210.7537313
41163,231,41394,178.1948052
23422,318,23740,73.65408805
24154,236,24390,102.3474576
27765,444,28209,62.53378378
28001,220,28221,127.2772727
31295,452,31747,69.23672566
31355,391,31746,80.19181586
34824,722,35546,48.23268698
34260,100,34360,342.6
26244,152,26396,172.6578947
34263,392,34655,87.40561224
27509,159,27668,173.0125786
24928,229,25157,108.8558952
45319,594,45913,76.29461279
27215,270,27485,100.7962963
24181,194,24375,124.6443299
40920,257,41177,159.2217899
34541,447,34988,77.27293065
23964,187,24151,128.1497326
25004,413,25417,60.54237288
33444,493,33937,67.83772819
27648,620,28268,44.59354839
27185,394,27579,68.99746193
29029,493,29522,58.88235294
41821,267,42088,156.6329588
36973,514,37487,71.93190661
28879,81,28960,356.5308642
25135,447,25582,56.23042506
40392,165,40557,244.8
23928,181,24109,132.198895
27249,621,27870,43.87922705
26169,591,26760,44.27918782
25354,296,25650,85.65540541
23738,360,24098,65.93888889
39638,457,40095,86.73522976
32053,548,32601,58.49087591
25104,248,25352,101.2258065
31281,151,31432,207.1589404
37217,356,37573,104.5421348
24212,599,24811,40.42070117
27683,456,28139,60.70833333
34397,471,34868,73.02972399
45193,460,45653,98.24565217
24932,177,25109,140.8587571
25997,442,26439,58.81674208
38294,503,38797,76.13121272
24868,554,25422,44.88808664
24077,56,24133,429.9464286
43008,116,43124,370.7586207
28443,417,28860,68.20863309
24107,346,24453,69.6734104
26878,138,27016,194.7681159
26159,297,26456,88.07744108
26511,414,26925,64.03623188
39745,539,40284,73.73840445
40687,584,41271,69.66952055
30823,264,31087,116.7537879
23636,449,24085,52.64142539
30634,187,30821,163.8181818
27019,536,27555,50.40858209
45040,310,45350,145.2903226
23621,714,24335,33.08263305
23443,293,23736,80.01023891
40553,530,41083,76.51509434
23957,118,24075,203.0254237
25268,890,26158,28.39101124
25075,268,25343,93.56343284
24946,247,25193,100.9959514
24380,214,24594,113.9252336
38884,863,39747,45.05677868
42620,331,42951,128.7613293
26666,261,26927,102.1685824
30940,276,31216,112.1014493
23673,326,23999,72.61656442
25351,416,25767,60.93990385
38203,74,38277,516.2567568
36516,111,36627,328.972973
23779,208,23987,114.3221154
26938,218,27156,123.5688073
26044,337,26381,77.28189911
32991,225,33216,146.6266667
45632,481,46113,94.86902287
25543,254,25797,100.5629921
31837,518,32355,61.46138996
23119,218,23337,106.0504587
29462,165,29627,178.5575758
33474,460,33934,72.76956522
23858,416,24274,57.35096154
29392,75,29467,391.8933333
33139,840,33979,39.45119048
26762,457,27219,58.56017505
29077,310,29387,93.79677419
25203,367,25570,68.67302452
34034,1594,35628,21.35131744
30440,434,30874,70.13824885
38163,433,38596,88.13625866
31689,429,32118,73.86713287
28022,562,28584,49.86120996
24827,429,25256,57.87179487
33285,416,33701,80.01201923
28228,448,28676,63.00892857
24125,117,24242,206.1965812
35702,228,35930,156.5877193
25229,358,25587,70.47206704
31786,214,32000,148.5327103
32097,572,32669,56.11363636
39337,494,39831,79.62955466
27557,102,27659,270.1666667
30789,199,30988,154.718593
28937,204,29141,141.8480392
31201,269,31470,115.9888476
33269,320,33589,103.965625
25265,129,25394,195.8527132
28496,292,28788,97.5890411
27134,242,27376,112.1239669
26718,249,26967,107.3012048
25899,285,26184,90.87368421
28697,209,28906,137.3062201
23224,174,23398,133.4712644
32168,201,32369,160.039801
26456,246,26702,107.5447154
24585,225,24810,109.2666667
23284,65,23349,358.2153846
45655,520,46175,87.79807692
45179,434,45613,104.0990783
31355,543,31898,57.74401473
23688,316,24004,74.96202532
25869,20,25889,1293.45
25478,467,25945,54.55674518
23460,583,24043,40.24013722
26042,748,26790,34.81550802
41513,91,41604,456.1868132
23252,142,23394,163.7464789
33851,608,34459,55.67598684
23381,503,23884,46.48310139
29766,235,30001,126.6638298
27009,645,27654,41.8744186
23032,263,23295,87.57414449
42178,172,42350,245.2209302
32175,433,32608,74.30715935
28313,188,28501,150.6010638
32660,420,33080,77.76190476
27692,500,28192,55.384
33006,182,33188,181.3516484
23704,367,24071,64.58855586
43419,762,44181,56.98031496
25672,96,25768,267.4166667
27595,193,27788,142.9792746
36121,536,36657,67.38992537
25496,434,25930,58.74654378
34099,158,34257,215.8164557
30573,503,31076,60.78131213
37116,226,37342,164.2300885
24905,218,25123,114.2431193
27647,499,28146,55.40480962
24553,232,24785,105.8318966
23563,397,23960,59.35264484
32304,172,32476,187.8139535
30341,188,30529,161.3882979
23837,329,24166,72.45288754
26343,375,26718,70.248
25498,232,25730,109.9051724
30092,218,30310,138.0366972
23367,262,23629,89.1870229
23871,256,24127,93.24609375
26606,318,26924,83.66666667
30997,165,31162,187.8606061
36163,645,36808,56.06666667
25508,229,25737,111.3886463
41284,310,41594,133.1741935
34437,375,34812,91.832
26844,369,27213,72.74796748
23030,298,23328,77.28187919
24182,321,24503,75.33333333
22936,64,23000,358.375
34320,255,34575,134.5882353
25958,377,26335,68.85411141
29418,561,29979,52.43850267
28849,414,29263,69.68357488
35075,308,35383,113.8798701
24804,208,25012,119.25
22972,278,23250,82.63309353
32215,203,32418,158.6945813
37706,209,37915,180.4114833
24330,142,24472,171.3380282
39312,392,39704,100.2857143
24893,318,25211,78.27987421
31458,395,31853,79.64050633
23771,220,23991,108.05
28156,421,28577,66.87885986
29391,346,29737,84.94508671
31814,502,32316,63.37450199
26826,342,27168,78.43859649
23960,309,24269,77.54045307
30139,263,30402,114.5969582
30371,303,30674,100.2343234
39886,422,40308,94.51658768
25326,218,25544,116.1743119
25799,535,26334,48.22242991
34226,278,34504,123.1151079
36232,523,36755,69.27724665
37075,563,37638,65.85257549
29203,353,29556,82.72804533
22981,108,23089,212.787037
29245,362,29607,80.78729282
25299,428,25727,59.10981308
31534,600,32134,52.55666667
23930,425,24355,56.30588235
24674,59,24733,418.2033898
23523,378,23901,62.23015873
24474,358,24832,68.36312849
27516,226,27742,121.7522124
26407,439,26846,60.15261959
41052,316,41368,129.9113924
30540,320,30860,95.4375
24555,339,24894,72.43362832
23134,933,24067,24.79528403
24877,295,25172,84.32881356
23707,963,24670,24.61786085
28485,227,28712,125.4845815
23201,147,23348,157.829932
27198,263,27461,103.4144487
35716,132,35848,270.5757576
26028,172,26200,151.3255814
27647,177,27824,156.1977401
24572,332,24904,74.01204819
28345,504,28849,56.24007937
37955,514,38469,73.84241245
29798,123,29921,242.2601626
25422,488,25910,52.0942623
26481,386,26867,68.60362694
30426,423,30849,71.92907801
25649,386,26035,66.44818653
26553,424,26977,62.625
32971,351,33322,93.93447293
41711,206,41917,202.4805825
23830,322,24152,74.00621118
29331,174,29505,168.5689655
35897,442,36339,81.21493213
26903,238,27141,113.0378151
28454,345,28799,82.47536232
26532,450,26982,58.96
30611,170,30781,180.0647059
36658,128,36786,286.390625
37958,559,38517,67.90339893
38876,369,39245,105.3550136
31574,153,31727,206.3660131
23231,589,23820,39.44142615
23105,432,23537,53.4837963
36675,376,37051,97.53989362
35432,470,35902,75.38723404
25754,293,26047,87.89761092
25999,583,26582,44.59519726
24121,221,24342,109.1447964
38649,425,39074,90.93882353
29084,153,29237,190.0915033
23640,351,23991,67.35042735
23311,263,23574,88.63498099
32504,434,32938,74.89400922
24381,304,24685,80.20065789
34827,719,35546,48.43810848
27134,63,27197,430.6984127
27508,116,27624,237.137931
37914,163,38077,232.601227
27063,625,27688,43.3008
23840,280,24120,85.14285714
26813,379,27192,70.74670185
35180,169,35349,208.1656805
31298,439,31737,71.29384966
31307,677,31984,46.2437223
38892,82,38974,474.2926829
25168,628,25796,40.07643312
25339,394,25733,64.31218274
23224,646,23870,35.9504644
31364,295,31659,106.3186441
39376,619,39995,63.61227787
43215,142,43357,304.3309859
31825,353,32178,90.15580737
31171,441,31612,70.68253968
37846,138,37984,274.2463768
23987,373,24360,64.30831099
39065,174,39239,224.5114943
24239,291,24530,83.29553265
33062,463,33525,71.40820734
36857,223,37080,165.2780269
24605,295,24900,83.40677966
25072,865,25937,28.9849711
35648,786,36434,45.35368957
32462,556,33018,58.38489209
29722,280,30002,106.15
26271,399,26670,65.84210526
26967,346,27313,77.93930636
29869,277,30146,107.8303249
33456,333,33789,100.4684685
39328,226,39554,174.0176991
23735,311,24046,76.31832797
29283,413,29696,70.9031477
27999,377,28376,74.26790451
30209,88,30297,343.2840909
23819,421,24240,56.57719715
23661,307,23968,77.07166124
26027,240,26267,108.4458333
23541,190,23731,123.9
23377,701,24078,33.34807418
26872,327,27199,82.17737003
23078,68,23146,339.3823529
35711,297,36008,120.2390572
35341,143,35484,247.1398601
25166,332,25498,75.80120482
32177,683,32860,47.11127379
24876,149,25025,166.9530201
30637,403,31040,76.02233251
24435,392,24827,62.33418367
28794,319,29113,90.26332288
23655,264,23919,89.60227273
44965,407,45372,110.4791155
31113,398,31511,78.17336683
23523,176,23699,133.6534091
24852,387,25239,64.21705426
24338,194,24532,125.4536082
37267,246,37513,151.4918699
40590,282,40872,143.9361702
33273,547,33820,60.82815356
23267,306,23573,76.03594771
23785,320,24105,74.328125
24238,230,24468,105.3826087
43448,509,43957,85.35952849
25810,133,25943,194.0601504
26797,91,26888,294.4725275
23247,194,23441,119.8298969
29753,164,29917,181.4207317
25282,404,25686,62.57920792
32791,92,32883,356.423913
27917,158,28075,176.6898734
24483,59,24542,414.9661017
28440,498,28938,57.10843373
40837,548,41385,74.52007299
25967,179,26146,145.0670391
34405,484,34889,71.08471074
27099,603,27702,44.94029851
29727,386,30113,77.01295337
44241,367,44608,120.5476839
34023,465,34488,73.16774194
28352,345,28697,82.17971014
40551,305,40856,132.9540984
45400,484,45884,93.80165289
35779,493,36272,72.57403651
26409,270,26679,97.81111111
43056,404,43460,106.5742574
29543,233,29776,126.7939914
25358,537,25895,47.22160149
25368,56,25424,453
26219,523,26742,50.13193117
26936,458,27394,58.81222707
23097,572,23669,40.37937063
27924,418,28342,66.80382775
24536,302,24838,81.24503311
25912,325,26237,79.72923077
38866,593,39459,65.54131535
23051,415,23466,55.54457831
30426,100,30526,304.26
36063,177,36240,203.7457627
35546,135,35681,263.3037037
29559,215,29774,137.4837209
23832,182,24014,130.9450549
30051,499,30550,60.22244489
28408,251,28659,113.1792829
24768,665,25433,37.24511278
26993,378,27371,71.41005291
41322,414,41736,99.8115942
36731,233,36964,157.6437768
22985,389,23374,59.0874036
26045,474,26519,54.94725738
25490,162,25652,157.345679
32600,105,32705,310.4761905
44234,165,44399,268.0848485
24098,73,24171,330.109589
23873,406,24279,58.80049261
29683,342,30025,86.79239766
30595,155,30750,197.3870968
28551,340,28891,83.97352941
36682,493,37175,74.40567951
27331,418,27749,65.38516746
28599,439,29038,65.14578588
24504,207,24711,118.3768116
24627,247,24874,99.70445344
26904,413,27317,65.14285714
25378,470,25848,53.99574468
45526,693,46219,65.69408369
24601,339,24940,72.56932153
28199,476,28675,59.24159664
23032,139,23171,165.6978417
25768,406,26174,63.4679803
32731,134,32865,244.261194
29043,209,29252,138.9617225
30638,155,30793,197.6645161
24471,214,24685,114.3504673
29149,380,29529,76.70789474
23894,233,24127,102.5493562
26319,303,26622,86.86138614
25596,377,25973,67.8938992
26601,137,26738,194.1678832
23728,208,23936,114.0769231
25026,507,25533,49.36094675
36935,262,37197,140.9732824
42338,359,42697,117.9331476
31430,519,31949,60.55876686
31736,480,32216,66.11666667
35753,279,36032,128.1469534
41954,455,42409,92.20659341
26445,98,26543,269.8469388
23465,330,23795,71.10606061
41897,555,42452,75.49009009
36083,311,36394,116.022508
30347,323,30670,93.95356037
24077,454,24531,53.03303965
38226,249,38475,153.5180723
23678,256,23934,92.4921875
29435,538,29973,54.71189591
35343,490,35833,72.12857143
27743,505,28248,54.93663366
37518,275,37793,136.4290909
35692,511,36203,69.84735812
27151,197,27348,137.822335
27122,263,27385,103.1254753
26576,307,26883,86.56677524
27394,483,27877,56.71635611
23022,441,23463,52.20408163
31871,447,32318,71.29977629
27994,376,28370,74.45212766
27561,618,28179,44.59708738
27468,494,27962,55.60323887
39799,310,40109,128.383871
28470,75,28545,379.6
23534,195,23729,120.6871795
23132,493,23625,46.92089249
24840,357,25197,69.57983193
24895,492,25387,50.5995935
24645,137,24782,179.8905109
27390,94,27484,291.3829787
24253,260,24513,93.28076923
26944,70,27014,384.9142857
24417,466,24883,52.39699571
40209,84,40293,478.6785714
23475,477,23952,49.21383648
25867,327,26194,79.10397554
26683,155,26838,172.1483871
32761,321,33082,102.05919
28813,323,29136,89.20433437
29887,498,30385,60.01405622
23278,88,23366,264.5227273
32967,390,33357,84.53076923
31650,574,32224,55.13937282
31872,304,32176,104.8421053
24684,201,24885,122.8059701
30084,168,30252,179.0714286
42304,417,42721,101.4484412
27655,419,28074,66.00238663
24298,556,24854,43.70143885
28830,109,28939,264.4954128
27715,582,28297,47.62027491
27855,496,28351,56.15927419
23741,299,24040,79.40133779
40170,361,40531,111.2742382
38780,520,39300,74.57692308
24370,535,24905,45.55140187
23488,95,23583,247.2421053
33780,410,34190,82.3902439
26347,147,26494,179.2312925
23112,795,23907,29.07169811
31815,389,32204,81.78663239
22984,324,23308,70.9382716
25479,421,25900,60.52019002
24943,541,25484,46.10536044
25653,318,25971,80.66981132
23165,571,23736,40.56917688
24733,108,24841,229.0092593
31879,546,32425,58.38644689
23044,752,23796,30.64361702
24045,303,24348,79.35643564
28745,246,28991,116.8495935
23966,836,24802,28.66746411
41049,479,41528,85.69728601
26461,412,26873,64.22572816
36669,373,37042,98.30831099
37185,168,37353,221.3392857
25181,258,25439,97.60077519
44242,187,44429,236.5882353
25378,81,25459,313.308642
39220,447,39667,87.74049217
29561,399,29960,74.0877193
31822,674,32496,47.21364985
24625,245,24870,100.5102041
35571,444,36015,80.11486486
22969,358,23327,64.15921788
26410,331,26741,79.78851964
24879,410,25289,60.6804878
29313,1608,30921,18.22947761
26025,206,26231,126.3349515
26477,156,26633,169.724359
42606,40,42646,1065.15
23002,158,23160,145.5822785
29300,192,29492,152.6041667
34615,795,35410,43.5408805
44786,284,45070,157.6971831
33428,455,33883,73.46813187
30681,207,30888,148.2173913
38931,92,39023,423.1630435
31325,239,31564,131.0669456
24499,437,24936,56.0617849
27439,605,28044,45.35371901
24566,149,24715,164.8724832
25290,150,25440,168.6
35103,232,35335,151.3060345
23584,298,23882,79.1409396
37194,1114,38308,33.38779174
26673,102,26775,261.5
25019,355,25374,70.47605634
33584,624,34208,53.82051282
29276,336,29612,87.13095238
24637,51,24688,483.0784314
31451,512,31963,61.42773438
33596,367,33963,91.54223433
23759,252,24011,94.28174603
24681,239,24920,103.2677824
25669,189,25858,135.8148148
33141,872,34013,38.00573394
35633,285,35918,125.0280702
33222,103,33325,322.5436893
33013,226,33239,146.0752212
41813,378,42191,110.6164021
23627,399,24026,59.21553885
25536,407,25943,62.74201474
25646,412,26058,62.24757282
28758,534,29292,53.85393258
27755,376,28131,73.81648936
26480,525,27005,50.43809524
23638,297,23935,79.58922559
26065,460,26525,56.66304348
23288,375,23663,62.10133333
22942,326,23268,70.37423313
23217,246,23463,94.37804878
25163,882,26045,28.52947846
23021,447,23468,51.50111857
31432,74,31506,424.7567568
39040,294,39334,132.7891156
39606,218,39824,181.6788991
43363,393,43756,110.3384224
36159,484,36643,74.70867769
24525,261,24786,93.96551724
25230,334,25564,75.53892216
25620,431,26051,59.44315545
24227,146,24373,165.9383562
40603,143,40746,283.9370629
25076,254,25330,98.72440945
24703,363,25066,68.0523416
24754,430,25184,57.56744186
23163,4086,27249,5.66886931
35829,144,35973,248.8125
26132,184,26316,142.0217391
23446,331,23777,70.83383686
30026,371,30397,80.93261456
39817,513,40330,77.61598441
27222,549,27771,49.58469945
32141,321,32462,100.1277259
25032,561,25593,44.62032086
25168,358,25526,70.30167598
35179,142,35321,247.7394366
41004,103,41107,398.0970874
31556,308,31864,102.4545455
27405,67,27472,409.0298507
23802,413,24215,57.63196126
26931,267,27198,100.8651685
33433,514,33947,65.04474708
34087,270,34357,126.2481481
29874,393,30267,76.01526718
31756,183,31939,173.5300546
27597,443,28040,62.29571106
29836,383,30219,77.90078329
26902,278,27180,96.76978417
23765,615,24380,38.64227642
23939,219,24158,109.3105023
23704,250,23954,94.816
27293,127,27420,214.9055118
32729,388,33117,84.35309278
24033,237,24270,101.4050633
29984,416,30400,72.07692308
29656,5149,34805,5.759564964
24236,144,24380,168.3055556
28798,622,29420,46.29903537
38186,235,38421,162.493617
23885,306,24191,78.05555556
35526,273,35799,130.1318681
25314,449,25763,56.37861915
34864,197,35061,176.9746193
23276,232,23508,100.3275862
26915,383,27298,70.27415144
27837,395,28232,70.47341772
28224,116,28340,243.3103448
24138,358,24496,67.42458101
33241,156,33397,213.0833333
33814,472,34286,71.63983051
25458,367,25825,69.36784741
27749,455,28204,60.98681319
32185,534,32719,60.27153558
30713,394,31107,77.95177665
23892,117,24009,204.2051282
38896,464,39360,83.82758621
25664,118,25782,217.4915254
29360,183,29543,160.4371585
24431,300,24731,81.43666667
29500,778,30278,37.91773779
23571,486,24057,48.5
27142,224,27366,121.1696429
36663,524,37187,69.96755725
25728,511,26239,50.34833659
28686,300,28986,95.62
44770,255,45025,175.5686275
30672,252,30924,121.7142857
37933,111,38044,341.7387387
28842,157,28999,183.7070064
26959,493,27452,54.68356998
35472,353,35825,100.4872521
30556,518,31074,58.98841699
28107,403,28510,69.74441687
26835,75,26910,357.8
24000,214,24214,112.1495327
40968,128,41096,320.0625
26131,219,26350,119.3196347
43396,424,43820,102.3490566
24075,154,24229,156.3311688
24451,312,24763,78.36858974
27558,661,28219,41.6913767
39029,29,39058,1345.827586
28213,793,29006,35.57755359
30125,188,30313,160.2393617
41021,357,41378,114.9047619
27300,417,27717,65.4676259
23324,251,23575,92.92430279
27158,420,27578,64.66190476
25952,220,26172,117.9636364
24463,365,24828,67.02191781
24652,66,24718,373.5151515
22990,323,23313,71.17647059
40374,146,40520,276.5342466
25776,279,26055,92.38709677
23346,92,23438,253.7608696
25202,216,25418,116.6759259
24476,168,24644,145.6904762
25192,117,25309,215.3162393
31408,217,31625,144.7373272
44550,259,44809,172.007722
25621,146,25767,175.4863014
32458,398,32856,81.55276382
29108,398,29506,73.13567839
25018,584,25602,42.8390411
31481,410,31891,76.78292683
26405,240,26645,110.0208333
25008,406,25414,61.59605911
27931,349,28280,80.03151862
30336,255,30591,118.9647059
26828,521,27349,51.49328215
38136,304,38440,125.4473684
25424,585,26009,43.45982906
35216,108,35324,326.0740741
36705,215,36920,170.7209302
23166,445,23611,52.05842697
24944,250,25194,99.776
23311,420,23731,55.50238095
29824,227,30051,131.3832599
25247,207,25454,121.9661836
30173,359,30532,84.04735376
27711,243,27954,114.037037
27455,170,27625,161.5
29096,183,29279,158.9945355
39145,278,39423,140.8093525
25345,159,25504,159.4025157
31709,164,31873,193.347561
31091,448,31539,69.39955357
23130,220,23350,105.1363636
24733,339,25072,72.95870206
34227,128,34355,267.3984375
26606,377,26983,70.5729443
23715,751,24466,31.57789614
29113,142,29255,205.0211268
28078,185,28263,151.772973
25440,389,25829,65.39845758
29765,297,30062,100.2188552
42240,440,42680,96
23929,172,24101,139.122093
42836,152,42988,281.8157895
23650,241,23891,98.13278008
27353,201,27554,136.0845771
26577,396,26973,67.11363636
34975,474,35449,73.78691983
25706,378,26084,68.00529101
23857,587,24444,40.64224872
27991,316,28307,88.57911392
24199,442,24641,54.74886878
27568,75,27643,367.5733333
33204,58,33262,572.4827586
29496,344,29840,85.74418605
36370,165,36535,220.4242424
25501,205,25706,124.395122
30973,957,31930,32.3646813
36307,221,36528,164.2850679
24687,115,24802,214.6695652
25613,249,25862,102.8634538
27839,106,27945,262.6320755
23327,75,23402,311.0266667
23885,261,24146,91.51340996
32834,904,33738,36.32079646
24498,239,24737,102.5020921
36783,338,37121,108.8254438
27831,236,28067,117.9279661
25487,378,25865,67.42592593
31862,112,31974,284.4821429
28032,536,28568,52.29850746
33822,221,34043,153.040724
25352,662,26014,38.29607251
44375,465,44840,95.43010753
23634,474,24108,49.86075949
27882,138,28020,202.0434783
27353,527,27880,51.90322581
29864,947,30811,31.53537487
23769,192,23961,123.796875
23873,321,24194,74.37071651
28003,338,28341,82.84911243
29369,181,29550,162.2596685
28039,284,28323,98.72887324
26702,399,27101,66.92230576
24852,535,25387,46.45233645
31196,276,31472,113.0289855
24201,390,24591,62.05384615
29439,91,29530,323.5054945
23422,430,23852,54.46976744
37560,189,37749,198.7301587
26436,310,26746,85.27741935
31635,64,31699,494.296875
27362,518,27880,52.82239382
33223,311,33534,106.8263666
22973,337,23310,68.16913947
23234,275,23509,84.48727273
33817,521,34338,64.90786948
31115,214,31329,145.3971963
23664,405,24069,58.42962963
36755,409,37164,89.86552567
23715,240,23955,98.8125
30196,167,30363,180.8143713
33425,546,33971,61.21794872
26333,261,26594,100.8927203
35455,346,35801,102.4710983
31052,635,31687,48.9007874
32329,557,32886,58.04129264
24773,496,25269,49.94556452
38711,132,38843,293.2651515
37645,882,38527,42.6814059
24969,370,25339,67.48378378
34639,68,34707,509.3970588
25236,104,25340,242.6538462
25518,288,25806,88.60416667
27912,94,28006,296.9361702
26923,289,27212,93.15916955
27600,213,27813,129.5774648
31904,189,32093,168.8042328
28630,209,28839,136.9856459
30076,440,30516,68.35454545
33871,305,34176,111.052459
34422,412,34834,83.54854369
28566,257,28823,111.151751
25364,264,25628,96.07575758
30690,309,30999,99.32038835
25797,169,25966,152.6449704
24355,108,24463,225.5092593
31353,102,31455,307.3823529
37179,24,37203,1549.125
27875,307,28182,90.7980456
26226,226,26452,116.0442478
25056,398,25454,62.95477387
31212,212,31424,147.2264151
23291,148,23439,157.3716216
23494,367,23861,64.01634877
30074,326,30400,92.25153374
29803,333,30136,89.4984985
33419,384,33803,87.02864583
28314,157,28471,180.343949
37060,363,37423,102.0936639
27057,303,27360,89.2970297
28483,256,28739,111.2617188
29171,532,29703,54.83270677
36400,423,36823,86.05200946
39773,440,40213,90.39318182
27047,580,27627,46.63275862
29204,77,29281,379.2727273
29493,104,29597,283.5865385
34446,98,34544,351.4897959
32254,143,32397,225.5524476
30135,268,30403,112.4440299
30522,180,30702,169.5666667
27835,427,28262,65.18735363
25423,183,25606,138.9234973
29985,139,30124,215.7194245
26475,131,26606,202.0992366
42547,332,42879,128.1536145
26852,358,27210,75.00558659
27611,77,27688,358.5844156
28296,371,28667,76.26954178
31118,140,31258,222.2714286
28284,555,28839,50.96216216
34184,382,34566,89.48691099
39674,203,39877,195.4384236
23370,584,23954,40.01712329
23525,97,23622,242.5257732
25001,434,25435,57.60599078
37329,216,37545,172.8194444
31519,164,31683,192.1890244
31544,267,31811,118.1423221
28099,243,28342,115.6337449
23845,281,24126,84.85765125
31832,63,31895,505.2698413
27060,422,27482,64.12322275
32409,258,32667,125.6162791
32783,384,33167,85.37239583
23500,191,23691,123.0366492
39709,430,40139,92.34651163
28012,415,28427,67.49879518
38088,153,38241,248.9411765
38666,317,38983,121.9747634
37536,130,37666,288.7384615
43609,124,43733,351.6854839
25341,298,25639,85.03691275
31746,241,31987,131.7261411
23327,671,23998,34.76453055
24345,248,24593,98.16532258
40204,469,40673,85.7228145
38230,434,38664,88.0875576
23925,332,24257,72.06325301
35543,186,35729,191.0913978
25164,371,25535,67.82749326
30392,152,30544,199.9473684
24406,344,24750,70.94767442
26645,323,26968,82.49226006
41162,219,41381,187.9543379
38013,414,38427,91.81884058
23325,508,23833,45.91535433
23559,180,23739,130.8833333
26618,180,26798,147.8777778
29396,79,29475,372.1012658
39054,192,39246,203.40625
30801,233,31034,132.193133
26550,455,27005,58.35164835
28173,339,28512,83.10619469
37053,915,37968,40.49508197
27751,311,28062,89.23151125
23430,575,24005,40.74782609
28413,481,28894,59.07068607
24608,699,25307,35.20457797
35993,221,36214,162.8642534
33799,325,34124,103.9969231
25105,206,25311,121.868932
39279,52,39331,755.3653846
29499,530,30029,55.65849057
34665,645,35310,53.74418605
44620,219,44839,203.7442922
36635,442,37077,82.88461538
26671,389,27060,68.56298201
30804,531,31335,58.01129944
31531,96,31627,328.4479167
23595,333,23928,70.85585586
30167,572,30739,52.73951049
25731,227,25958,113.3524229
28450,446,28896,63.78923767
30519,170,30689,179.5235294
23461,422,23883,55.59478673
25828,55,25883,469.6
24887,466,25353,53.4055794
26300,195,26495,134.8717949
23667,316,23983,74.89556962
39698,459,40157,86.48801743
45315,587,45902,77.19761499
25936,349,26285,74.31518625
33812,128,33940,264.15625
34543,152,34695,227.2565789
31251,837,32088,37.33691756
39148,274,39422,142.8759124
24129,380,24509,63.49736842
27265,344,27609,79.25872093
23678,228,23906,103.8508772
24417,436,24853,56.00229358
37138,168,37306,221.0595238
33492,115,33607,291.2347826
36365,523,36888,69.53154876
26683,487,27170,54.79055441
32369,297,32666,108.986532
23375,449,23824,52.06013363
36857,143,37000,257.7412587
24150,569,24719,42.44288225
23352,572,23924,40.82517483
42698,364,43062,117.3021978
26261,2593,28854,10.12765137
23423,363,23786,64.5261708
26552,100,26652,265.52
24880,579,25459,42.97063903
44794,105,44899,426.6095238
24172,187,24359,129.2620321
29631,349,29980,84.9025788
23641,299,23940,79.06688963
29354,465,29819,63.12688172
34137,310,34447,110.1193548
30817,237,31054,130.0295359
28325,561,28886,50.49019608
27343,317,27660,86.2555205
28819,283,29102,101.8339223
26253,1626,27879,16.14575646
24681,112,24793,220.3660714
26533,347,26880,76.46397695
30271,220,30491,137.5954545
31740,48,31788,661.25
27430,148,27578,185.3378378
25145,403,25548,62.39454094
30588,588,31176,52.02040816
29376,268,29644,109.6119403
27304,561,27865,48.67023173
23503,187,23690,125.684492
30384,187,30571,162.4812834
23187,69,23256,336.0434783
41769,37,41806,1128.891892
41704,935,42639,44.60320856
23180,271,23451,85.53505535
25107,535,25642,46.92897196
22922,306,23228,74.90849673
44673,496,45169,90.06653226
36608,286,36894,128
40183,117,40300,343.4444444
35543,153,35696,232.3071895
33939,321,34260,105.728972
26457,319,26776,82.93730408
29812,496,30308,60.10483871
25998,556,26554,46.75899281
23578,164,23742,143.7682927
24791,135,24926,183.637037
27128,481,27609,56.3991684
22950,755,23705,30.39735099
33148,743,33891,44.61372813
24608,198,24806,124.2828283
23102,475,23577,48.63578947
40031,396,40427,101.0883838
44250,196,44446,225.7653061
44365,5224,49589,8.492534456
43616,375,43991,116.3093333
23155,145,23300,159.6896552
29652,403,30055,73.57816377
43429,119,43548,364.9495798
24615,465,25080,52.93548387
32149,398,32547,80.77638191
38074,498,38572,76.45381526
23982,642,24624,37.35514019
28116,403,28519,69.76674938
23993,184,24177,130.3967391
29290,147,29437,199.2517007
40252,435,40687,92.53333333
27854,531,28385,52.45574388
27510,835,28345,32.94610778
29857,283,30140,105.5017668
35187,623,35810,56.47993579
31995,735,32730,43.53061224
30127,202,30329,149.1435644
26665,164,26829,162.5914634
25373,572,25945,44.35839161
23200,207,23407,112.0772947
28745,1005,29750,28.60199005
26940,188,27128,143.2978723
26528,419,26947,63.31264916
25533,275,25808,92.84727273
24806,310,25116,80.01935484
28037,296,28333,94.71959459
31225,361,31586,86.49584488
25345,93,25438,272.5268817
33849,344,34193,98.39825581
37068,58,37126,639.1034483
25414,215,25629,118.2046512
25507,173,25680,147.4393064
25878,409,26287,63.27139364
26134,320,26454,81.66875
36320,454,36774,80
24126,186,24312,129.7096774
28209,286,28495,98.63286713
34584,434,35018,79.68663594
27199,595,27794,45.71260504
40107,340,40447,117.9617647
29967,237,30204,126.443038
25307,564,25871,44.87056738
29529,257,29786,114.8988327
27833,272,28105,102.3272059
25434,304,25738,83.66447368
23776,151,23927,157.4569536
24538,250,24788,98.152
22949,268,23217,85.63059701
39090,3329,42419,11.74226494
32143,178,32321,180.5786517
29748,668,30416,44.53293413
28040,218,28258,128.6238532
24334,503,24837,48.3777336
23564,565,24129,41.70619469
35538,239,35777,148.6945607
23980,306,24286,78.36601307
23265,486,23751,47.87037037
24412,182,24594,134.1318681
30719,589,31308,52.15449915
24322,470,24792,51.74893617
26607,565,27172,47.0920354
23037,258,23295,89.29069767
35553,550,36103,64.64181818
25034,122,25156,205.1967213
27832,445,28277,62.54382022
36064,265,36329,136.090566
25694,545,26239,47.14495413
34982,429,35411,81.54312354
34095,361,34456,94.44598338
24008,384,24392,62.52083333
25314,168,25482,150.6785714
24475,270,24745,90.64814815
35541,444,35985,80.0472973
25688,332,26020,77.37349398
24300,163,24463,149.0797546
31951,338,32289,94.5295858
32848,265,33113,123.954717
26663,591,27254,45.11505922
26253,336,26589,78.13392857
23179,329,23508,70.45288754
27404,459,27863,59.7037037
30661,208,30869,147.4086538
33982,149,34131,228.0671141
26310,341,26651,77.15542522
36938,485,37423,76.16082474
24607,263,24870,93.56273764
23223,671,23894,34.609538
23839,100,23939,238.39
40875,428,41303,95.50233645
24067,375,24442,64.17866667
36134,189,36323,191.1851852
22997,336,23333,68.44345238
34649,983,35632,35.24821974
29249,841,30090,34.77883472
29568,246,29814,120.195122
43623,309,43932,141.1747573
24280,243,24523,99.91769547
29580,549,30129,53.87978142
41011,388,41399,105.6984536
24189,41,24230,589.9756098
23318,175,23493,133.2457143
26026,204,26230,127.5784314
28101,701,28802,40.08701854
39989,532,40521,75.16729323
28696,254,28950,112.976378
36294,245,36539,148.1387755
23921,416,24337,57.50240385
26771,231,27002,115.8917749
44128,158,44286,279.2911392
44012,266,44278,165.4586466
29941,459,30400,65.23093682
26042,279,26321,93.34050179
23457,364,23821,64.44230769
28103,297,28400,94.62289562
27456,666,28122,41.22522523
24885,613,25498,40.5954323
26256,375,26631,70.016
27514,299,27813,92.02006689
28801,202,29003,142.5792079
24730,347,25077,71.26801153
24775,456,25231,54.33114035
24565,457,25022,53.75273523
29177,156,29333,187.0320513
40352,557,40909,72.44524237
38564,119,38683,324.0672269
24454,400,24854,61.135
23766,345,24111,68.88695652
40456,710,41166,56.98028169
30566,186,30752,164.3333333
32003,240,32243,133.3458333
39727,453,40180,87.69757174
41378,231,41609,179.1255411
25667,263,25930,97.59315589
25608,159,25767,161.0566038
34190,391,34581,87.44245524
27266,288,27554,94.67361111
37402,331,37733,112.9969789
34080,390,34470,87.38461538
39573,324,39897,122.1388889
25842,361,26203,71.58448753
24876,398,25274,62.50251256
28315,416,28731,68.06490385
23268,238,23506,97.76470588
27536,102,27638,269.9607843
35392,701,36093,50.48787447
39908,287,40195,139.0522648
24435,322,24757,75.88509317
24695,418,25113,59.07894737
25492,227,25719,112.2995595
36499,411,36910,88.8053528
26386,125,26511,211.088
30373,628,31001,48.36464968
26867,332,27199,80.9246988
26557,492,27049,53.97764228
27539,53,27592,519.6037736
26932,847,27779,31.79693034
26537,321,26858,82.66978193
24542,7684,32226,3.193909422
30965,535,31500,57.87850467
33627,454,34081,74.06828194
27661,233,27894,118.7167382
31647,377,32024,83.94429708
36517,490,37007,74.5244898
31587,199,31786,158.7286432
29730,20,29750,1486.5
25193,234,25427,107.6623932
27777,288,28065,96.44791667
30083,652,30735,46.13957055
23259,319,23578,72.91222571
26675,621,27296,42.95491143
30920,515,31435,60.03883495
33227,445,33672,74.66741573
28333,449,28782,63.10244989
24710,133,24843,185.7894737
26081,108,26189,241.4907407
23508,661,24169,35.56429652
36387,317,36704,114.785489
28516,203,28719,140.4729064
25283,299,25582,84.55852843
42127,43,42170,979.6976744
45148,177,45325,255.0734463
35103,251,35354,139.8525896
27770,595,28365,46.67226891
29539,124,29663,238.2177419
33181,487,33668,68.13347023
30426,652,31078,46.66564417
30998,292,31290,106.1575342
24515,140,24655,175.1071429
37372,534,37906,69.98501873
30017,401,30418,74.8553616
40501,83,40584,487.9638554
26055,120,26175,217.125
27412,258,27670,106.248062
35368,216,35584,163.7407407
27043,396,27439,68.29040404
25969,483,26452,53.76604555
24026,71,24097,338.3943662
27228,200,27428,136.14
29862,358,30220,83.41340782
28102,144,28246,195.1527778
34061,634,34695,53.72397476
29475,336,29811,87.72321429
28961,129,29090,224.503876
27510,354,27864,77.71186441
22946,447,23393,51.33333333
35127,308,35435,114.0487013
42442,256,42698,165.7890625
38727,149,38876,259.9127517
26199,336,26535,77.97321429
23220,424,23644,54.76415094
36474,294,36768,124.0612245
25927,257,26184,100.8832685
25508,215,25723,118.6418605
24636,470,25106,52.41702128
29460,219,29679,134.5205479
29359,429,29788,68.43589744
30226,546,30772,55.35897436
25458,196,25654,129.8877551
43788,344,44132,127.2906977
42348,366,42714,115.704918
23194,243,23437,95.44855967
39039,230,39269,169.7347826
23146,233,23379,99.33905579
22993,211,23204,108.971564
27854,102,27956,273.0784314
40851,579,41430,70.55440415
30393,690,31083,44.04782609
42247,426,42673,99.1713615
26172,432,26604,60.58333333
27115,451,27566,60.12195122
41793,979,42772,42.68947906
28717,414,29131,69.3647343
30540,354,30894,86.27118644
29582,271,29853,109.1586716
26276,244,26520,107.6885246
23712,233,23945,101.7682403
26748,449,27197,59.57238307
41150,264,41414,155.8712121
38212,199,38411,192.0201005
27152,284,27436,95.6056338
23995,160,24155,149.96875
27825,201,28026,138.4328358
29121,338,29459,86.15680473
23261,223,23484,104.309417
30483,408,30891,74.71323529
30092,114,30206,263.9649123
24151,446,24597,54.15022422
28694,291,28985,98.604811
27084,535,27619,50.62429907
29245,406,29651,72.0320197
24093,375,24468,64.248
27468,338,27806,81.26627219
39525,130,39655,304.0384615
26927,566,27493,47.57420495
43718,1877,45595,23.29142248
29736,261,29997,113.9310345
31929,348,32277,91.75
41936,129,42065,325.0852713
42942,261,43203,164.5287356
33222,195,33417,170.3692308
26947,439,27386,61.38268793
27555,428,27983,64.38084112
26201,323,26524,81.11764706
31967,473,32440,67.58350951
27705,316,28021,87.67405063
40430,245,40675,165.0204082
23774,443,24217,53.66591422
26329,250,26579,105.316
30377,325,30702,93.46769231
41441,134,41575,309.261194
23492,368,23860,63.83695652
23779,185,23964,128.5351351
40562,395,40957,102.6886076
25662,561,26223,45.74331551
28897,256,29153,112.8789063
27443,150,27593,182.9533333
26891,332,27223,80.99698795
33169,201,33370,165.0199005
23345,188,23533,124.1755319
25831,404,26235,63.93811881
44992,377,45369,119.3421751
34880,247,35127,141.2145749
27047,315,27362,85.86349206
42761,410,43171,104.295122
33413,433,33846,77.16628176
24957,237,25194,105.3037975
27072,3379,30451,8.011837822
28323,266,28589,106.4774436
23162,209,23371,110.8229665
31883,97,31980,328.6907216
44285,397,44682,111.5491184
26445,434,26879,60.93317972
28364,625,28989,45.3824
32879,203,33082,161.9655172
33217,454,33671,73.16519824
28029,303,28332,92.5049505
28324,267,28591,106.082397
44261,239,44500,185.1924686
24543,215,24758,114.1534884
34567,398,34965,86.85175879
23394,168,23562,139.25
28887,435,29322,66.40689655
28932,279,29211,103.6989247
33550,503,34053,66.69980119
31767,431,32198,73.70533643
33412,121,33533,276.1322314
23816,1567,25383,15.19846841
22938,128,23066,179.203125
23611,176,23787,134.1534091
28417,578,28995,49.16435986
43983,255,44238,172.4823529
25753,147,25900,175.1904762
34311,449,34760,76.41648107
31092,482,31574,64.50622407
33385,488,33873,68.41188525
23303,477,23780,48.85324948
29440,200,29640,147.2
24593,143,24736,171.979021
29546,254,29800,116.3228346
24177,307,24484,78.752443
35169,658,35827,53.44832827
37358,317,37675,117.8485804
27240,546,27786,49.89010989
23454,343,23797,68.37900875
29057,261,29318,111.3295019
29070,102,29172,285
26911,300,27211,89.70333333
28669,650,29319,44.10615385
31110,597,31707,52.11055276
23481,407,23888,57.69287469
26965,538,27503,50.12081784
24330,199,24529,122.2613065
26075,227,26302,114.8678414
38002,100,38102,380.02
24379,452,24831,53.93584071
33668,423,34091,79.59338061
31596,63,31659,501.5238095
24106,323,24429,74.63157895
36469,665,37134,54.8406015
26629,235,26864,113.3148936
25579,511,26090,50.05675147
33881,130,34011,260.6230769
23397,362,23759,64.63259669
34772,516,35288,67.3875969
31182,2765,33947,11.27739602
28862,483,29345,59.75569358
25608,271,25879,94.49446494
26442,597,27039,44.29145729
26650,203,26853,131.2807882
24375,269,24644,90.6133829
24728,283,25011,87.37809187
22924,191,23115,120.0209424
35534,418,35952,85.00956938
25779,469,26248,54.96588486
29782,238,30020,125.1344538
32389,225,32614,143.9511111
41409,792,42201,52.28409091
28759,623,29382,46.16211878
36018,486,36504,74.11111111
23487,370,23857,63.47837838
28759,486,29245,59.17489712
26135,197,26332,132.6649746
35013,581,35594,60.26333907
26671,112,26783,238.1339286
23962,183,24145,130.9398907
32714,517,33231,63.27659574
23280,288,23568,80.83333333
23480,218,23698,107.706422
33735,786,34521,42.91984733
32625,245,32870,133.1632653
26575,514,27089,51.70233463
27477,620,28097,44.31774194
31930,502,32432,63.60557769
28670,228,28898,125.745614
38232,276,38508,138.5217391
24972,196,25168,127.4081633
31324,409,31733,76.58679707
36591,126,36717,290.4047619
25919,361,26280,71.79778393
35267,23,35290,1533.347826
31798,355,32153,89.57183099
38149,393,38542,97.07124682
33293,476,33769,69.94327731
25676,242,25918,106.0991736
23080,402,23482,57.41293532
23958,444,24402,53.95945946
37293,250,37543,149.172
30491,467,30958,65.29122056
31727,65,31792,488.1076923
24763,304,25067,81.45723684
38080,167,38247,228.0239521
31887,251,32138,127.0398406
23661,425,24086,55.67294118
32202,220,32422,146.3727273
31581,720,32301,43.8625
29140,445,29585,65.48314607
38259,442,38701,86.55882353
23631,270,23901,87.52222222
31879,275,32154,115.9236364
33813,352,34165,96.05965909
30695,415,31110,73.96385542
32027,821,32848,39.00974421
27902,332,28234,84.04216867
23814,485,24299,49.10103093
41951,739,42690,56.76725304
22982,193,23175,119.0777202
24636,300,24936,82.12
25350,594,25944,42.67676768
28203,363,28566,77.69421488
45021,281,45302,160.2170819
37302,290,37592,128.6275862
42507,536,43043,79.30410448
29584,406,29990,72.86699507
31083,452,31535,68.76769912
39718,296,40014,134.1824324
23376,170,23546,137.5058824
28180,26,28206,1083.846154
26640,280,26920,95.14285714
23721,417,24138,56.88489209
33438,102,33540,327.8235294
31837,525,32362,60.64190476
45792,226,46018,202.619469
23453,1095,24548,21.41826484
23728,182,23910,130.3736264
35264,302,35566,116.7682119
28350,303,28653,93.56435644
24868,461,25329,53.94360087
24677,688,25365,35.86773256
31750,287,32037,110.6271777
24433,215,24648,113.6418605
29464,435,29899,67.73333333
27403,272,27675,100.7463235
32923,323,33246,101.9287926
24514,380,24894,64.51052632
23458,139,23597,168.7625899
24680,673,25353,36.67161961
26764,328,27092,81.59756098
24179,181,24360,133.5856354
41345,352,41697,117.4573864
24596,475,25071,51.78105263
33930,242,34172,140.2066116
36849,98,36947,376.0102041
25821,382,26203,67.59424084
28703,276,28979,103.9963768
27065,732,27797,36.97404372
27292,301,27593,90.67109635
26287,350,26637,75.10571429
29280,411,29691,71.24087591
36688,252,36940,145.5873016
40439,542,40981,74.61070111
27474,477,27951,57.59748428
40336,202,40538,199.6831683
25099,169,25268,148.5147929
24692,677,25369,36.47267356
28316,104,28420,272.2692308
25165,194,25359,129.7164948
31542,318,31860,99.18867925
31568,299,31867,105.5785953
30595,238,30833,128.5504202
28912,594,29506,48.67340067
26696,234,26930,114.0854701
26861,658,27519,40.82218845
44715,168,44883,266.1607143
25139,513,25652,49.00389864
25244,324,25568,77.91358025
35626,220,35846,161.9363636
30542,336,30878,90.89880952
23880,110,23990,217.0909091
37127,525,37652,70.71809524
30901,506,31407,61.06916996
22950,560,23510,40.98214286
38962,300,39262,129.8733333
22997,379,23376,60.67810026
27763,675,28438,41.13037037
29140,360,29500,80.94444444
29888,410,30298,72.89756098
35564,340,35904,104.6
23738,296,24034,80.19594595
42086,328,42414,128.3109756
26444,315,26759,83.94920635
34011,104,34115,327.0288462
25201,137,25338,183.9489051
28985,392,29377,73.94132653
27876,359,28235,77.64902507
29614,433,30047,68.3926097
29102,68,29170,427.9705882
31142,747,31889,41.68942436
31407,1892,33299,16.59989429
29188,363,29551,80.4077135
25859,542,26401,47.7103321
23085,549,23634,42.04918033
24369,233,24602,104.5879828
28918,179,29097,161.5530726
25098,314,25412,79.92993631
27846,403,28249,69.09677419
27125,175,27300,155
33225,481,33706,69.07484407
25376,1226,26602,20.69820555
23977,348,24325,68.89942529
37673,506,38179,74.45256917
26039,375,26414,69.43733333
33063,92,33155,359.3804348
33509,450,33959,74.46444444
23721,509,24230,46.60314342
25170,494,25664,50.951417
26081,493,26574,52.90263692
35770,473,36243,75.62367865
40311,542,40853,74.37453875
23656,108,23764,219.037037
25660,400,26060,64.15
38659,259,38918,149.2625483
26280,187,26467,140.5347594
23247,492,23739,47.25
28251,468,28719,60.36538462
27512,229,27741,120.139738
30475,726,31201,41.97658402
33106,192,33298,172.4270833
33503,402,33905,83.34079602
25823,525,26348,49.18666667
24841,239,25080,103.9372385
24070,438,24508,54.9543379
23349,266,23615,87.77819549
29740,239,29979,124.4351464
24705,349,25054,70.78796562
25616,280,25896,91.48571429
31826,186,32012,171.1075269
42451,206,42657,206.0728155
27184,348,27532,78.11494253
45693,85,45778,537.5647059
29456,231,29687,127.5151515
24618,100,24718,246.18
37033,519,37552,71.35452794
35751,381,36132,93.83464567
28897,128,29025,225.7578125
29574,186,29760,159
30339,373,30712,81.33780161
31735,251,31986,126.4342629
22916,406,23322,56.44334975
26905,198,27103,135.8838384
24973,143,25116,174.6363636
27791,185,27976,150.2216216
27477,237,27714,115.9367089
26592,430,27022,61.84186047
30463,388,30851,78.5128866
23133,354,23487,65.34745763
23470,234,23704,100.2991453
24793,396,25189,62.60858586
28351,382,28733,74.21727749
37246,259,37505,143.8069498
31413,255,31668,123.1882353
32124,457,32581,70.29321663
25825,272,26097,94.94485294
35602,71,35673,501.4366197
25019,42,25061,595.6904762
37515,393,37908,95.45801527
23709,91,23800,260.5384615
25818,249,26067,103.686747
33117,397,33514,83.41813602
25689,501,26190,51.2754491
34779,550,35329,63.23454545
27827,437,28264,63.67734554
25545,534,26079,47.83707865
23013,482,23495,47.74481328
25851,228,26079,113.3815789
25692,238,25930,107.9495798
24312,222,24534,109.5135135
23206,206,23412,112.6504854
39387,408,39795,96.53676471
29833,661,30494,45.13313162
45786,237,46023,193.1898734
26739,570,27309,46.91052632
26098,195,26293,133.8358974
38429,408,38837,94.18872549
36149,101,36250,357.9108911
28220,542,28762,52.06642066
27649,330,27979,83.78484848
31737,246,31983,129.0121951
24052,346,24398,69.51445087
27510,330,27840,83.36363636
39166,348,39514,112.545977
23514,277,23791,84.88808664
26310,326,26636,80.70552147
24437,271,24708,90.17343173
23625,158,23783,149.5253165
28774,322,29096,89.36024845
38501,254,38755,151.5787402
29582,411,29993,71.9756691
27324,296,27620,92.31081081
29601,325,29926,91.08
24119,383,24502,62.97389034
26210,227,26437,115.4625551
39060,728,39788,53.65384615
30979,741,31720,41.80701754
36841,422,37263,87.30094787
26379,140,26519,188.4214286
27969,407,28376,68.71990172
25958,510,26468,50.89803922
28141,182,28323,154.6208791
26521,213,26734,124.5117371
30185,396,30581,76.22474747
42847,210,43057,204.0333333
29937,440,30377,68.03863636
27349,162,27511,168.8209877
24732,257,24989,96.23346304
28195,637,28832,44.26216641
26914,384,27298,70.08854167
32438,239,32677,135.7238494
29507,358,29865,82.42178771
31261,106,31367,294.9150943
23330,347,23677,67.23342939
35003,801,35804,43.69912609
26438,402,26840,65.76616915
38544,340,38884,113.3647059
24726,270,24996,91.57777778
37584,535,38119,70.25046729
27738,628,28366,44.16878981
30594,708,31302,43.21186441
34365,317,34682,108.4069401
24195,354,24549,68.34745763
23871,71,23942,336.2112676
28337,457,28794,62.00656455
37127,612,37739,60.66503268
26661,161,26822,165.5962733
24792,366,25158,67.73770492
26396,275,26671,95.98545455
35333,331,35664,106.7462236
32283,411,32694,78.54744526
25460,360,25820,70.72222222
33720,383,34103,88.04177546
23926,579,24505,41.32297064
23773,426,24199,55.80516432
24118,618,24736,39.02588997
24173,165,24338,146.5030303
26022,567,26589,45.89417989
26962,522,27484,51.651341
35426,450,35876,78.72444444
24389,401,24790,60.82044888
28615,199,28814,143.7939698
28962,101,29063,286.7524752
23480,182,23662,129.010989
25352,512,25864,49.515625
23952,537,24489,44.60335196
33471,313,33784,106.9361022
24188,329,24517,73.51975684
25039,457,25496,54.78993435
28849,229,29078,125.9781659
33607,192,33799,175.0364583
26412,111,26523,237.9459459
33396,379,33775,88.11609499
25671,259,25930,99.11583012
24370,179,24549,136.1452514
27524,584,28108,47.13013699
25635,165,25800,155.3636364
22926,266,23192,86.18796992
32251,842,33093,38.30285036
26307,380,26687,69.22894737
24677,407,25084,60.63144963
23298,291,23589,80.06185567
32441,159,32600,204.0314465
29762,541,30303,55.012939
29525,843,30368,35.02372479
23575,434,24009,54.3202765
25289,186,25475,135.9623656
24171,419,24590,57.68735084
38814,240,39054,161.725
29176,332,29508,87.87951807
30993,138,31131,224.5869565
38422,171,38593,224.6900585
27677,78,27755,354.8333333
27686,946,28632,29.26638478
26837,314,27151,85.46815287
35650,601,36251,59.31780366
38226,557,38783,68.62836625
25395,247,25642,102.8137652
28388,367,28755,77.35149864
31833,294,32127,108.2755102
35542,526,36068,67.57034221
26368,485,26853,54.36701031
23371,364,23735,64.20604396
27700,178,27878,155.6179775
23046,455,23501,50.65054945
23167,224,23391,103.4241071
40448,373,40821,108.4396783
31685,323,32008,98.09597523
45676,359,46035,127.2311978
41678,70,41748,595.4
25541,427,25968,59.81498829
42762,317,43079,134.8958991
34406,332,34738,103.6325301
33091,272,33363,121.6580882
35909,69,35978,520.4202899
27850,712,28562,39.11516854
33839,250,34089,135.356
24634,202,24836,121.950495
24493,109,24602,224.706422
30552,444,30996,68.81081081
25848,325,26173,79.53230769
31670,445,32115,71.16853933
30178,338,30516,89.28402367
24575,411,24986,59.79318735
24983,279,25262,89.54480287
28198,534,28732,52.80524345
31956,156,32112,204.8461538
35307,520,35827,67.89807692
31010,407,31417,76.19164619
29770,632,30402,47.10443038
29163,133,29296,219.2706767
45388,482,45870,94.1659751
28539,76,28615,375.5131579
22918,507,23425,45.20315582
33154,114,33268,290.8245614
39866,494,40360,80.70040486
24419,494,24913,49.43117409
45166,467,45633,96.71520343
25346,316,25662,80.20886076
26365,116,26481,227.2844828
28034,496,28530,56.52016129
28452,392,28844,72.58163265
40410,746,41156,54.1689008
32459,530,32989,61.24339623
25841,202,26043,127.9257426
42529,110,42639,386.6272727
34759,137,34896,253.7153285
36141,478,36619,75.60878661
25557,196,25753,130.3928571
27569,249,27818,110.7188755
30152,485,30637,62.16907216
38444,216,38660,177.9814815
37128,605,37733,61.36859504
26399,278,26677,94.96043165
25812,457,26269,56.48140044
25316,428,25744,59.14953271
28397,324,28721,87.64506173
25558,599,26157,42.66777963
29217,472,29689,61.90042373
29039,239,29278,121.5020921
31017,303,31320,102.3663366
27141,351,27492,77.32478632
34169,171,34340,199.8187135
37073,99,37172,374.4747475
37152,286,37438,129.9020979
41743,289,42032,144.4394464
41223,97,41320,424.9793814
23184,223,23407,103.9641256
26236,174,26410,150.7816092
38365,204,38569,188.0637255
25170,362,25532,69.53038674
26842,249,27091,107.7991968
25953,188,26141,138.0478723
29272,198,29470,147.8383838
34178,482,34660,70.90871369
24882,324,25206,76.7962963
27207,268,27475,101.5186567
23204,141,23345,164.5673759
39899,541,40440,73.75046211
26683,859,27542,31.0628638
23084,493,23577,46.82352941
30695,235,30930,130.6170213
32154,474,32628,67.83544304
28697,362,29059,79.27348066
23883,423,24306,56.46099291
36247,200,36447,181.235
26233,72,26305,364.3472222
31982,407,32389,78.57985258
22978,334,23312,68.79640719
26662,139,26801,191.8129496
31328,76,31404,412.2105263
28481,331,28812,86.04531722
26683,452,27135,59.03318584
23857,405,24262,58.90617284
30511,532,31043,57.35150376
26495,301,26796,88.02325581
33618,170,33788,197.7529412
36083,332,36415,108.6837349
25897,291,26188,88.99312715
31618,250,31868,126.472
22924,236,23160,97.13559322
35022,161,35183,217.5279503
28034,405,28439,69.21975309
27849,371,28220,75.06469003
39259,240,39499,163.5791667
24317,77,24394,315.8051948
30195,158,30353,191.1075949
28196,430,28626,65.57209302
43375,348,43723,124.6408046
33046,342,33388,96.62573099
23906,285,24191,83.88070175
39728,205,39933,193.795122
24438,179,24617,136.5251397
26756,377,27133,70.97082228
24784,313,25097,79.18210863
31020,447,31467,69.39597315
24893,284,25177,87.65140845
23249,355,23604,65.49014085
23239,1478,24717,15.7232747
37158,148,37306,251.0675676
36958,171,37129,216.128655
26845,573,27418,46.84991274
23145,156,23301,148.3653846
25293,233,25526,108.5536481
27512,596,28108,46.16107383
42549,457,43006,93.10503282
23144,591,23735,39.1607445
28562,433,28995,65.9630485
36218,1258,37476,28.79014308
23009,263,23272,87.48669202
31633,433,32066,73.05542725
29042,383,29425,75.82767624
44351,550,44901,80.63818182
27453,727,28180,37.76203576
25936,488,26424,53.14754098
25949,446,26395,58.18161435
30951,221,31172,140.0497738
23711,479,24190,49.50104384
25999,319,26318,81.5015674
32066,279,32345,114.9318996
33323,212,33535,157.1839623
23459,213,23672,110.1361502
32949,487,33436,67.65708419
28719,76,28795,377.8815789
37126,390,37516,95.19487179
32713,493,33206,66.35496957
25245,458,25703,55.12008734
23545,202,23747,116.5594059
27524,888,28412,30.9954955
43889,442,44331,99.29638009
34159,444,34603,76.93468468
29188,479,29667,60.93528184
25706,686,26392,37.47230321
23746,290,24036,81.88275862
23814,185,23999,128.7243243
31003,597,31600,51.93132328
24029,366,24395,65.65300546
25825,594,26419,43.47643098
27736,382,28118,72.60732984
29293,483,29776,60.64803313
35528,472,36000,75.27118644
23368,128,23496,182.5625
26010,291,26301,89.3814433
31209,226,31435,138.0929204
43003,291,43294,147.7766323
23819,432,24251,55.13657407
23115,639,23754,36.17370892
28959,435,29394,66.57241379
26231,370,26601,70.89459459
29907,191,30098,156.5811518
23953,526,24479,45.53802281
28082,257,28339,109.2684825
27685,120,27805,230.7083333
31477,279,31756,112.8207885
28722,237,28959,121.1898734
23098,330,23428,69.99393939
42990,152,43142,282.8289474
35187,416,35603,84.58413462
25387,768,26155,33.05598958
34148,206,34354,165.7669903
25256,164,25420,154
31120,194,31314,160.4123711
24418,413,24831,59.12348668
30002,408,30410,73.53431373
23106,469,23575,49.26652452
23312,247,23559,94.3805668
24552,158,24710,155.3924051
23140,554,23694,41.76895307
23030,221,23251,104.2081448
27622,171,27793,161.5321637
33125,988,34113,33.52732794
30619,225,30844,136.0844444
30989,317,31306,97.75709779
31669,133,31802,238.112782
34008,445,34453,76.42247191
23879,247,24126,96.67611336
39062,530,39592,73.70188679
37198,107,37305,347.6448598
22945,535,23480,42.88785047
35951,97,36048,370.628866
26048,365,26413,71.36438356
24344,526,24870,46.28136882
24043,205,24248,117.2829268
36249,362,36611,100.1353591
37165,379,37544,98.06068602
23284,260,23544,89.55384615
28224,162,28386,174.2222222
24160,370,24530,65.2972973
35657,286,35943,124.6748252
29405,510,29915,57.65686275
24269,428,24697,56.70327103
32639,333,32972,98.01501502
23469,271,23740,86.60147601
44983,547,45530,82.23583181
43024,460,43484,93.53043478
24581,153,24734,160.6601307
31525,164,31689,192.2256098
28101,344,28445,81.68895349
29880,131,30011,228.0916031
37544,657,38201,57.14459665
29635,539,30174,54.98144712
29331,471,29802,62.27388535
26568,201,26769,132.1791045
30830,257,31087,119.9610895
40402,442,40844,91.40723982
38166,144,38310,265.0416667
34939,469,35408,74.49680171
25392,320,25712,79.35
37026,172,37198,215.2674419
26979,266,27245,101.424812
23711,347,24058,68.3314121
31233,164,31397,190.445122
41143,68,41211,605.0441176
37732,398,38130,94.8040201
26925,186,27111,144.7580645
35925,224,36149,160.3794643
27093,155,27248,174.7935484
26078,270,26348,96.58518519
29655,97,29752,305.7216495
43372,250,43622,173.488
28084,1229,29313,22.85109845
42697,195,42892,218.9589744
24489,533,25022,45.94559099
41636,364,42000,114.3846154
43312,277,43589,156.3610108
31864,441,32305,72.25396825
24596,730,25326,33.69315068
26803,609,27412,44.01149425
24227,172,24399,140.8546512
28976,212,29188,136.6792453
24428,450,24878,54.28444444
26652,375,27027,71.072
28003,510,28513,54.90784314
33958,362,34320,93.80662983
30112,256,30368,117.625
28963,332,29295,87.23795181
34650,323,34973,107.2755418
23610,513,24123,46.02339181
26089,364,26453,71.67307692
25603,870,26473,29.42873563
29556,357,29913,82.78991597
23773,205,23978,115.9658537
24233,420,24653,57.69761905
31589,468,32057,67.49786325
27537,415,27952,66.35421687
34287,839,35126,40.86650775
26150,136,26286,192.2794118
28698,362,29060,79.27624309
33388,249,33637,134.0883534
35513,337,35850,105.379822
24965,431,25396,57.92343387
24991,177,25168,141.1920904
29442,213,29655,138.2253521
25450,229,25679,111.1353712
29941,467,30408,64.11349036
27681,175,27856,158.1771429
24987,376,25363,66.45478723
25484,361,25845,70.59279778
26896,289,27185,93.06574394
27166,368,27534,73.82065217
23121,283,23404,81.69964664
30955,526,31481,58.84980989
25459,245,25704,103.9142857
35979,255,36234,141.0941176
26427,622,27049,42.48713826
24666,569,25235,43.34973638
23940,253,24193,94.62450593
27622,425,28047,64.99294118
23249,168,23417,138.3869048
28338,255,28593,111.1294118
33900,431,34331,78.65429234
25744,178,25922,144.6292135
23583,241,23824,97.85477178
27077,287,27364,94.34494774
45380,194,45574,233.9175258
40994,204,41198,200.9509804
27486,239,27725,115.0041841
28566,90,28656,317.4
23582,403,23985,58.51612903
32666,276,32942,118.3550725
25563,86,25649,297.244186
41365,297,41662,139.2760943
23319,188,23507,124.037234
29095,730,29825,39.85616438
35203,222,35425,158.5720721
26174,397,26571,65.92947103
23052,222,23274,103.8378378
25196,154,25350,163.6103896
39263,292,39555,134.4623288
28995,487,29482,59.53798768
41290,505,41795,81.76237624
25923,702,26625,36.92735043
24697,319,25016,77.4200627
26259,415,26674,63.2746988
25834,381,26215,67.80577428
25299,470,25769,53.82765957
23296,277,23573,84.10108303
37902,29,37931,1306.965517
31185,305,31490,102.2459016
28480,414,28894,68.79227053
25465,222,25687,114.7072072
26598,166,26764,160.2289157
27362,654,28016,41.83792049
33916,170,34086,199.5058824
28123,152,28275,185.0197368
26615,284,26899,93.71478873
34564,124,34688,278.7419355
23861,490,24351,48.69591837
42237,124,42361,340.6209677
41254,606,41860,68.07590759
38174,164,38338,232.7682927
23151,68,23219,340.4558824
24338,1965,26303,12.38575064
24121,180,24301,134.0055556
25524,278,25802,91.81294964
36539,459,36998,79.60566449
38227,145,38372,263.6344828
38173,88,38261,433.7840909
29222,217,29439,134.6635945
23108,222,23330,104.0900901
27810,88,27898,316.0227273
34483,194,34677,177.7474227
39010,253,39263,154.1897233
30999,774,31773,40.0503876
23689,627,24316,37.7814992
23699,443,24142,53.496614
22948,200,23148,114.74
23999,800,24799,29.99875
25537,806,26343,31.68362283
27074,369,27443,73.37127371
26682,269,26951,99.18959108
30085,283,30368,106.3074205
23965,498,24463,48.12248996
29860,113,29973,264.2477876
27137,55,27192,493.4
41322,143,41465,288.965035
25467,207,25674,123.0289855
24584,222,24806,110.7387387
35626,323,35949,110.2972136
29041,347,29388,83.69164265
25843,176,26019,146.8352273
23451,557,24008,42.10233393
31083,383,31466,81.15665796
25191,304,25495,82.86513158
24179,582,24761,41.54467354
26335,216,26551,121.9212963
39988,225,40213,177.7244444
23629,348,23977,67.89942529
23345,471,23816,49.56475584
31283,272,31555,115.0110294
25026,186,25212,134.5483871
26394,238,26632,110.8991597
25973,195,26168,133.1948718
44222,868,45090,50.94700461
45209,738,45947,61.25880759
25600,123,25723,208.1300813
24734,424,25158,58.33490566
25712,377,26089,68.20159151
31427,108,31535,290.9907407
28541,566,29107,50.42579505
23601,174,23775,135.637931
28545,70,28615,407.7857143
33739,582,34321,57.97079038
23366,182,23548,128.3846154
30508,579,31087,52.69084629
25885,492,26377,52.61178862
25076,586,25662,42.79180887
24962,399,25361,62.56140351
25221,509,25730,49.55009823
26718,239,26957,111.790795
33256,105,33361,316.7238095
45777,559,46336,81.89087657
24720,325,25045,76.06153846
27199,187,27386,145.4491979
30269,170,30439,178.0529412
24442,474,24916,51.56540084
32969,70,33039,470.9857143
27534,388,27922,70.96391753
27305,539,27844,50.65862709
25158,417,25575,60.33093525
39606,507,40113,78.1183432
29514,246,29760,119.9756098
43819,444,44263,98.69144144
23016,145,23161,158.7310345
45400,464,45864,97.84482759
23028,217,23245,106.1198157
23544,111,23655,212.1081081
22995,284,23279,80.96830986
38554,81,38635,475.9753086
25068,435,25503,57.62758621
40731,485,41216,83.9814433
26093,772,26865,33.7992228
32940,670,33610,49.1641791
25077,165,25242,151.9818182
30939,474,31413,65.2721519
25304,197,25501,128.4467005
44312,184,44496,240.826087
40031,26,40057,1539.653846
29864,264,30128,113.1212121
29116,419,29535,69.48926014
27926,166,28092,168.2289157
39678,66,39744,601.1818182
28693,347,29040,82.68876081
37420,185,37605,202.2702703
26804,159,26963,168.5786164
24510,571,25081,42.92469352
24000,165,24165,145.4545455
22988,390,23378,58.94358974
32776,487,33263,67.30184805
24885,205,25090,121.3902439
24142,265,24407,91.10188679
28965,264,29229,109.7159091
36547,80,36627,456.8375
30274,508,30782,59.59448819
35826,175,36001,204.72
24067,230,24297,104.6391304
29010,323,29333,89.81424149
24181,487,24668,49.65297741
23069,343,23412,67.25655977
30693,169,30862,181.6153846
39443,398,39841,99.10301508
23230,236,23466,98.43220339
26915,242,27157,111.2190083
33372,313,33685,106.6198083
29473,791,30264,37.26042984
32760,312,33072,105
27675,357,28032,77.5210084
28088,110,28198,255.3454545
24799,179,24978,138.5418994
37330,450,37780,82.95555556
23148,639,23787,36.22535211
23757,99,23856,239.969697
27606,236,27842,116.9745763
33206,425,33631,78.13176471
26056,201,26257,129.6318408
24145,461,24606,52.37527115
26123,205,26328,127.4292683
27759,210,27969,132.1857143
23655,433,24088,54.63048499
45132,249,45381,181.253012
26662,408,27070,65.34803922
31704,464,32168,68.32758621
25305,152,25457,166.4802632
23385,206,23591,113.5194175
23538,361,23899,65.20221607
24258,167,24425,145.257485
39418,68,39486,579.6764706
25702,315,26017,81.59365079
32106,68,32174,472.1470588
34403,162,34565,212.3641975
42502,132,42634,321.9848485
26486,104,26590,254.6730769
23658,351,24009,67.4017094
23909,98,24007,243.9693878
26181,274,26455,95.55109489
36962,396,37358,93.33838384
31030,85,31115,365.0588235
28861,613,29474,47.08156607
37895,230,38125,164.7608696
23700,98,23798,241.8367347
37206,183,37389,203.3114754
29944,576,30520,51.98611111
23707,320,24027,74.084375
23006,540,23546,42.6037037
25899,129,26028,200.7674419
26949,412,27361,65.41019417
25794,362,26156,71.25414365
24652,213,24865,115.7370892
33004,200,33204,165.02
37000,398,37398,92.96482412
30921,539,31460,57.36734694
23322,443,23765,52.64559819
24094,188,24282,128.1595745
28848,183,29031,157.6393443
40001,432,40433,92.59490741
23930,209,24139,114.4976077
34563,6,34569,5760.5
33113,157,33270,210.910828
27707,616,28323,44.9788961
28965,182,29147,159.1483516
25129,669,25798,37.56203288
32385,180,32565,179.9166667
24217,207,24424,116.9903382
31021,501,31522,61.91816367
35942,450,36392,79.87111111
33787,162,33949,208.5617284
24017,874,24891,27.47940503
29259,344,29603,85.05523256
23355,554,23909,42.15703971
27463,283,27746,97.04240283
31222,491,31713,63.5885947
39617,366,39983,108.2431694
25443,504,25947,50.48214286
28200,267,28467,105.6179775
39157,302,39459,129.6589404
35555,394,35949,90.24111675
26681,477,27158,55.93501048
28198,466,28664,60.51072961
35079,755,35834,46.46225166
34825,530,35355,65.70754717
25644,252,25896,101.7619048
37235,758,37993,49.12269129
27024,301,27325,89.7807309
24239,329,24568,73.67477204
34370,236,34606,145.6355932
24583,393,24976,62.55216285
26490,178,26668,148.8202247
35587,527,36114,67.52751423
24754,144,24898,171.9027778
23646,479,24125,49.36534447
23785,436,24221,54.55275229
24159,713,24872,33.88359046
33051,268,33319,123.3246269
23599,118,23717,199.9915254
32551,360,32911,90.41944444
30495,226,30721,134.9336283
23894,526,24420,45.42585551
38547,150,38697,256.98
31614,310,31924,101.9806452
23281,425,23706,54.77882353
33557,751,34308,44.68308921
32058,282,32340,113.6808511
29077,474,29551,61.34388186
32100,84,32184,382.1428571
27798,172,27970,161.6162791
24266,321,24587,75.59501558
27173,782,27955,34.74808184
23744,392,24136,60.57142857
41419,531,41950,78.00188324
25368,466,25834,54.43776824
26431,277,26708,95.41877256
25172,130,25302,193.6307692
24151,589,24740,41.00339559
24150,334,24484,72.30538922
25857,65,25922,397.8
36563,339,36902,107.8554572
23810,185,23995,128.7027027
29508,355,29863,83.12112676
31189,709,31898,43.99012694
25842,161,26003,160.5093168
35198,223,35421,157.838565
24178,290,24468,83.37241379
25967,1217,27184,21.336894
23619,178,23797,132.6910112
34812,389,35201,89.49100257
35310,336,35646,105.0892857
28903,815,29718,35.46380368
24389,284,24673,85.87676056
28524,284,28808,100.4366197
27876,740,28616,37.67027027
31303,254,31557,123.2401575
23045,143,23188,161.1538462
35202,375,35577,93.872
35628,633,36261,56.28436019
36132,167,36299,216.3592814
40674,337,41011,120.694362
29695,208,29903,142.7644231
33104,135,33239,245.2148148
44275,151,44426,293.2119205
38096,194,38290,196.371134
29382,79,29461,371.9240506
34361,296,34657,116.0844595
28442,481,28923,59.13097713
34348,515,34863,66.69514563
32222,117,32339,275.4017094
28086,141,28227,199.1914894
24568,214,24782,114.8037383
25327,254,25581,99.71259843
32292,488,32780,66.17213115
33713,466,34179,72.34549356
30120,168,30288,179.2857143
42351,396,42747,106.9469697
32807,620,33427,52.91451613
41667,188,41855,221.6329787
36793,296,37089,124.3006757
33591,272,33863,123.4963235
22967,641,23608,35.8299532
23637,160,23797,147.73125
38905,426,39331,91.32629108
27933,503,28436,55.53280318
28080,270,28350,104
27099,465,27564,58.27741935
25406,438,25844,58.00456621
26966,190,27156,141.9263158
40973,366,41339,111.9480874
27010,240,27250,112.5416667
41152,208,41360,197.8461538
24828,228,25056,108.8947368
37488,337,37825,111.2403561
28024,294,28318,95.31972789
24279,127,24406,191.1732283
29917,383,30300,78.11227154
31681,159,31840,199.2515723
24331,365,24696,66.66027397
36082,919,37001,39.26224157
41943,172,42115,243.8546512
29566,169,29735,174.9467456
24907,113,25020,220.4159292
23593,264,23857,89.36742424
27738,818,28556,33.90953545
36954,441,37395,83.79591837
26328,106,26434,248.3773585
35311,454,35765,77.77753304
26017,157,26174,165.7133758
23631,701,24332,33.71041369
27548,410,27958,67.1902439
29515,263,29778,112.2243346
32965,128,33093,257.5390625
22919,442,23361,51.85294118
31027,175,31202,177.2971429
25444,547,25991,46.51553931
27194,228,27422,119.2719298
23979,170,24149,141.0529412
31673,317,31990,99.9148265
34500,450,34950,76.66666667
33064,297,33361,111.3265993
26070,608,26678,42.87828947
28149,184,28333,152.9836957
26526,406,26932,65.33497537
39012,658,39670,59.2887538
24053,432,24485,55.67824074
26797,220,27017,121.8045455
31901,256,32157,124.6132813
25341,215,25556,117.8651163
27335,150,27485,182.2333333
24458,1100,25558,22.23454545
24524,441,24965,55.60997732
42658,3276,45934,13.02136752
32151,109,32260,294.9633028
28553,300,28853,95.17666667
37019,304,37323,121.7730263
26788,375,27163,71.43466667
38006,237,38243,160.3628692
25768,583,26351,44.19897084
25051,151,25202,165.9006623
23252,341,23593,68.18768328
24398,212,24610,115.0849057
26756,179,26935,149.4748603
24420,211,24631,115.7345972
26850,239,27089,112.3430962
23448,47,23495,498.893617
24398,335,24733,72.82985075
26163,496,26659,52.74798387
29856,299,30155,99.85284281
23908,280,24188,85.38571429
29049,383,29432,75.845953
24807,842,25649,29.46199525
23309,360,23669,64.74722222
23448,183,23631,128.1311475
26064,183,26247,142.4262295
30238,200,30438,151.19
26851,210,27061,127.8619048
27159,392,27551,69.28316327
23978,589,24567,40.70967742
26566,341,26907,77.90615836
23919,344,24263,69.53197674
32688,651,33339,50.21198157
23670,358,24028,66.11731844
24503,238,24741,102.9537815
39919,445,40364,89.70561798
25351,372,25723,68.14784946
31842,406,32248,78.42857143
26360,351,26711,75.0997151
43240,312,43552,138.5897436
34275,247,34522,138.7651822
39791,281,40072,141.6049822
32915,102,33017,322.6960784
23745,117,23862,202.9487179
27963,44,28007,635.5227273
24077,74,24151,325.3648649
24113,240,24353,100.4708333
24164,134,24298,180.3283582
32382,289,32671,112.0484429
37107,59,37166,628.9322034
23391,376,23767,62.21010638
26493,186,26679,142.4354839
26917,1176,28093,22.88860544
28685,321,29006,89.36137072
28201,426,28627,66.19953052
28473,367,28840,77.58310627
29295,272,29567,107.7022059
22958,276,23234,83.18115942
28659,324,28983,88.4537037
24555,281,24836,87.38434164
27189,126,27315,215.7857143
34418,349,34767,98.61891117
25759,171,25930,150.6374269
39962,449,40411,89.00222717
25420,263,25683,96.6539924
36258,226,36484,160.4336283
30445,172,30617,177.005814
27270,167,27437,163.2934132
27195,392,27587,69.375
40230,463,40693,86.88984881
23840,448,24288,53.21428571
26517,382,26899,69.41623037
26181,523,26704,50.05927342
25729,175,25904,147.0228571
28964,194,29158,149.2989691
26392,976,27368,27.04098361
23358,505,23863,46.25346535
23941,362,24303,66.13535912
23983,226,24209,106.119469
26303,92,26395,285.9021739
45639,584,46223,78.1489726
35515,512,36027,69.36523438
26739,635,27374,42.10866142
24646,272,24918,90.61029412
38170,121,38291,315.4545455
30761,254,31015,121.1062992
25880,431,26311,60.04640371
26955,160,27115,168.46875
29193,417,29610,70.00719424
27087,280,27367,96.73928571
32861,178,33039,184.6123596
24903,242,25145,102.9049587
27578,773,28351,35.67658473
25481,342,25823,74.50584795
24455,376,24831,65.03989362
24279,370,24649,65.61891892
23286,210,23496,110.8857143
32826,429,33255,76.51748252
43706,657,44363,66.52359209
39866,256,40122,155.7265625
39755,272,40027,146.1580882
24627,205,24832,120.1317073
31012,446,31458,69.53363229
24266,700,24966,34.66571429
24335,507,24842,47.99802761
30824,159,30983,193.8616352
35325,115,35440,307.173913
23206,631,23837,36.77654517
30444,353,30797,86.24362606
23976,375,24351,63.936
29174,4450,33624,6.555955056
33590,209,33799,160.7177033
23420,917,24337,25.53980371
25305,288,25593,87.86458333
24538,190,24728,129.1473684
35596,213,35809,167.1173709
42706,430,43136,99.31627907
24184,153,24337,158.0653595
23999,353,24352,67.98583569
28993,625,29618,46.3888
42314,141,42455,300.0992908
29223,157,29380,186.133758
29991,89,30080,336.9775281
32659,413,33072,79.07748184
24141,467,24608,51.69379015
45635,300,45935,152.1166667
23459,512,23971,45.81835938
25996,508,26504,51.17322835
23852,296,24148,80.58108108
29013,424,29437,68.42688679
26523,146,26669,181.6643836
32731,66,32797,495.9242424
25258,580,25838,43.54827586
24971,326,25297,76.59815951
30220,213,30433,141.8779343
33908,437,34345,77.59267735
29949,276,30225,108.5108696
41975,127,42102,330.511811
44014,207,44221,212.6280193
23219,320,23539,72.559375
24204,306,24510,79.09803922
24385,2368,26753,10.29771959
35691,399,36090,89.45112782
37806,174,37980,217.2758621
24576,426,25002,57.69014085
32777,215,32992,152.4511628
25170,315,25485,79.9047619
23393,204,23597,114.6715686
29737,1983,31720,14.99596571
35552,84,35636,423.2380952
23446,411,23857,57.04622871
36663,276,36939,132.8369565
24234,311,24545,77.92282958
24622,185,24807,133.0918919
42063,315,42378,133.5333333
24032,588,24620,40.8707483
26255,551,26806,47.64972777
34498,395,34893,87.33670886
28355,406,28761,69.83990148
28600,498,29098,57.42971888
32925,121,33046,272.107438
23567,340,23907,69.31470588
26982,261,27243,103.3793103
37451,323,37774,115.9473684
33844,323,34167,104.7801858
27654,628,28282,44.03503185
30357,3775,34132,8.041589404
26886,336,27222,80.01785714
27338,217,27555,125.9815668
42973,171,43144,251.3040936
38434,312,38746,123.1858974
28026,221,28247,126.8144796
23103,344,23447,67.15988372
30120,618,30738,48.73786408
24699,535,25234,46.16635514
33658,383,34041,87.87989556
29961,455,30416,65.84835165
34870,119,34989,293.0252101
29494,352,29846,83.78977273
23406,391,23797,59.86189258
32504,400,32904,81.26
23204,176,23380,131.8409091
23466,352,23818,66.66477273
42192,419,42611,100.6968974
26247,105,26352,249.9714286
27491,184,27675,149.4076087
35282,537,35819,65.70204842
24767,412,25179,60.11407767
34488,206,34694,167.4174757
24309,207,24516,117.4347826
34115,216,34331,157.9398148
34792,617,35409,56.38897893
24679,232,24911,106.375
29770,441,30211,67.50566893
28610,468,29078,61.13247863
29948,275,30223,108.9018182
32772,281,33053,116.6263345
34124,283,34407,120.5795053
45146,91,45237,496.1098901
23222,360,23582,64.50555556
31134,568,31702,54.81338028
26865,241,27106,111.473029
28313,571,28884,49.5849387
24041,559,24600,43.00715564
27212,460,27672,59.15652174
41381,522,41903,79.27394636
29465,155,29620,190.0967742
43132,215,43347,200.6139535
24118,231,24349,104.4069264
26414,549,26963,48.1129326
34941,353,35294,98.98300283
43537,184,43721,236.6141304
27811,572,28383,48.62062937
26365,506,26871,52.10474308
29430,390,29820,75.46153846
24566,396,24962,62.03535354
24258,166,24424,146.1325301
28213,504,28717,55.9781746
24643,386,25029,63.84196891
28786,429,29215,67.1002331
37609,405,38014,92.8617284
24716,265,24981,93.26792453
27849,242,28091,115.0785124
32687,65,32752,502.8769231
43756,430,44186,101.7581395
32785,62,32847,528.7903226
25628,287,25915,89.29616725
31835,477,32312,66.74004193
29982,255,30237,117.5764706
23185,746,23931,31.07908847
24397,354,24751,68.9180791
24064,259,24323,92.91119691
35655,202,35857,176.509901
27406,345,27751,79.43768116
26195,138,26333,189.8188406
24706,303,25009,81.5379538
36318,280,36598,129.7071429
29936,511,30447,58.58317025
30524,465,30989,65.64301075
28572,174,28746,164.2068966
24827,296,25123,83.875
26832,197,27029,136.2030457
25935,135,26070,192.1111111
24665,138,24803,178.7318841
24935,161,25096,154.8757764
22952,427,23379,53.75175644
32228,889,33117,36.2519685
24250,375,24625,64.66666667
35792,289,36081,123.8477509
37838,303,38141,124.8778878
24936,107,25043,233.046729
23781,359,24140,66.24233983
38307,199,38506,192.4974874
30358,179,30537,169.5977654
37179,89,37268,417.741573
30297,315,30612,96.18095238
28738,285,29023,100.8350877
31919,167,32086,191.1317365
32476,231,32707,140.5887446
24929,139,25068,179.3453237
41726,345,42071,120.9449275
26826,385,27211,69.67792208
23830,133,23963,179.1729323
28944,153,29097,189.1764706
27172,198,27370,137.2323232
23128,184,23312,125.6956522
30269,192,30461,157.6510417
32540,676,33216,48.13609467
28165,391,28556,72.03324808
29352,237,29589,123.8481013
38374,479,38853,80.11273486
36968,262,37230,141.0992366
32513,445,32958,73.06292135
24858,427,25285,58.21545667
36734,612,37346,60.02287582
32232,461,32693,69.9175705
25240,640,25880,39.4375
28737,205,28942,140.1804878
36590,418,37008,87.53588517
23271,240,23511,96.9625
35899,413,36312,86.92251816
24626,232,24858,106.1465517
30678,328,31006,93.5304878
26317,397,26714,66.28967254
24794,669,25463,37.0612855
28543,1604,30147,17.79488778
24141,237,24378,101.8607595
31828,288,32116,110.5138889
27971,206,28177,135.7815534
27504,179,27683,153.6536313
23297,258,23555,90.29844961
23720,387,24107,61.29198966
25112,442,25554,56.81447964
34912,530,35442,65.87169811
25506,117,25623,218
29880,223,30103,133.9910314
22966,112,23078,205.0535714
35398,497,35895,71.22334004
24075,294,24369,81.8877551
30056,700,30756,42.93714286
25918,191,26109,135.6963351
26607,512,27119,51.96679688
25454,398,25852,63.95477387
36140,99,36239,365.0505051
39052,501,39553,77.94810379
25760,373,26133,69.0616622
25831,207,26038,124.7874396
28578,170,28748,168.1058824
25653,209,25862,122.7416268
31146,176,31322,176.9659091
28015,382,28397,73.33769634
26154,280,26434,93.40714286
30620,279,30899,109.7491039
35020,296,35316,118.3108108
25610,250,25860,102.44
28128,313,28441,89.8658147
29506,370,29876,79.74594595
31937,324,32261,98.57098765
23103,452,23555,51.11283186
38378,987,39365,38.88348531
24155,275,24430,87.83636364
23332,364,23696,64.0989011
23652,241,23893,98.14107884
27668,107,27775,258.5794393
29081,298,29379,97.58724832
24280,484,24764,50.16528926
23860,293,24153,81.4334471
30680,176,30856,174.3181818
23888,614,24502,38.90553746
29499,352,29851,83.80397727
28576,456,29032,62.66666667
23093,176,23269,131.2102273
35223,197,35420,178.7969543
45746,329,46075,139.0455927
24487,463,24950,52.88768898
24753,189,24942,130.968254
33439,261,33700,128.1187739
40852,414,41266,98.6763285
32072,317,32389,101.1735016
24981,179,25160,139.5586592
23537,293,23830,80.33105802
26612,327,26939,81.382263
25029,588,25617,42.56632653
24390,288,24678,84.6875
26817,329,27146,81.5106383
45002,208,45210,216.3557692
25988,511,26499,50.85714286
35549,220,35769,161.5863636
25764,271,26035,95.0701107
35525,415,35940,85.60240964
25822,1154,26976,22.37608319
40702,306,41008,133.0130719
29889,350,30239,85.39714286
25258,160,25418,157.8625
26743,125,26868,213.944
24665,386,25051,63.89896373
28993,649,29642,44.67334361
27000,244,27244,110.6557377
39413,107,39520,368.3457944
32119,142,32261,226.1901408
24242,287,24529,84.46689895
34790,502,35292,69.30278884
25135,369,25504,68.11653117
24159,710,24869,34.02676056
23269,254,23523,91.61023622
23917,191,24108,125.2198953
34763,591,35354,58.82064298
27724,305,28029,90.89836066
25286,462,25748,54.73160173
28817,314,29131,91.77388535
37815,822,38637,46.00364964
40535,201,40736,201.6666667
26214,526,26740,49.8365019
28771,342,29113,84.12573099
30217,381,30598,79.30971129
34582,440,35022,78.59545455
29851,688,30539,43.3880814
27455,83,27538,330.7831325
23484,541,24025,43.40850277
29004,473,29477,61.3192389
29635,244,29879,121.454918
23075,459,23534,50.27233115
27042,190,27232,142.3263158
29882,228,30110,131.0614035
30346,457,30803,66.40262582
27108,489,27597,55.43558282
25306,373,25679,67.84450402
28661,220,28881,130.2772727
27059,471,27530,57.45010616
38980,162,39142,240.617284
25497,451,25948,56.53436807
23866,297,24163,80.35690236
24037,299,24336,80.39130435
34730,1182,35912,29.38240271
34974,432,35406,80.95833333
37251,464,37715,80.28232759
25875,304,26179,85.11513158
26908,294,27202,91.52380952
23863,229,24092,104.2052402
28557,416,28973,68.64663462
28004,625,28629,44.8064
27022,148,27170,182.5810811
23967,119,24086,201.4033613
23972,368,24340,65.14130435
32155,222,32377,144.8423423
40476,136,40612,297.6176471
34083,287,34370,118.7560976
25670,292,25962,87.9109589
23344,99,23443,235.7979798
26697,356,27053,74.99157303
23471,316,23787,74.27531646
27811,328,28139,84.78963415
28037,425,28462,65.96941176
24152,276,24428,87.50724638
26577,481,27058,55.25363825
26097,517,26614,50.47775629
26873,386,27259,69.61917098
25114,316,25430,79.47468354
24880,326,25206,76.3190184
31584,578,32162,54.64359862
27705,175,27880,158.3142857
24815,469,25284,52.91044776
26671,365,27036,73.07123288
24911,560,25471,44.48392857
27241,98,27339,277.9693878
33067,220,33287,150.3045455
37472,293,37765,127.890785
27571,796,28367,34.63693467
27724,432,28156,64.17592593
29260,378,29638,77.40740741
23928,60,23988,398.8
23805,388,24193,61.35309278
28033,342,28375,81.96783626
23408,388,23796,60.32989691
25907,459,26366,56.4422658
27525,304,27829,90.54276316
29853,206,30059,144.9174757
25995,439,26434,59.21412301
42238,156,42394,270.7564103
23036,2964,26000,7.771929825
26546,259,26805,102.4942085
31102,270,31372,115.1925926
26065,337,26402,77.34421365
24681,392,25073,62.96173469
28308,386,28694,73.33678756
26064,225,26289,115.84
30953,326,31279,94.94785276
28636,203,28839,141.0640394
28518,200,28718,142.59
26576,336,26912,79.0952381
25622,710,26332,36.08732394
23199,288,23487,80.55208333
30958,371,31329,83.44474394
42596,969,43565,43.95872033
33119,367,33486,90.24250681
35626,253,35879,140.8142292
24937,438,25375,56.93378995
31464,197,31661,159.715736
23471,190,23661,123.5315789
23608,213,23821,110.8356808
35591,819,36410,43.45665446
23151,307,23458,75.41042345
35412,295,35707,120.040678
35786,77,35863,464.7532468
27061,656,27717,41.25152439
23067,438,23505,52.66438356
33286,228,33514,145.9912281
38878,172,39050,226.0348837
26348,219,26567,120.3105023
24869,535,25404,46.48411215
23540,415,23955,56.72289157
35825,367,36192,97.61580381
28362,164,28526,172.9390244
38416,208,38624,184.6923077
43433,401,43834,108.3117207
24957,470,25427,53.1
36752,460,37212,79.89565217
24514,468,24982,52.38034188
23518,325,23843,72.36307692
28182,530,28712,53.17358491
37675,271,37946,139.0221402
26876,533,27409,50.42401501
45127,547,45674,82.49908592
24838,588,25426,42.2414966
26210,647,26857,40.51004637
27117,421,27538,64.41092637
31148,479,31627,65.02713987
26716,315,27031,84.81269841
31990,231,32221,138.4848485
28876,459,29335,62.91067538
37190,215,37405,172.9767442
35977,117,36094,307.4957265
23072,90,23162,256.3555556
24223,346,24569,70.00867052
24249,167,24416,145.2035928
26890,330,27220,81.48484848
36978,199,37177,185.8190955
27590,257,27847,107.3540856
26812,390,27202,68.74871795
26982,166,27148,162.5421687
44539,326,44865,136.6226994
36924,362,37286,102
30120,236,30356,127.6271186
33423,197,33620,169.6598985
31994,49,32043,652.9387755
43743,247,43990,177.097166
33268,174,33442,191.1954023
27971,400,28371,69.9275
22988,318,23306,72.28930818
27826,372,28198,74.80107527
33576,365,33941,91.9890411
23708,221,23929,107.2760181
34037,260,34297,130.9115385
27582,240,27822,114.925
22962,392,23354,58.57653061
23128,109,23237,212.1834862
24272,406,24678,59.78325123
30130,329,30459,91.58054711
26277,57,26334,461
23335,78,23413,299.1666667
37531,314,37845,119.5254777
41662,547,42209,76.16453382
26491,683,27174,38.78623719
27007,180,27187,150.0388889
23856,221,24077,107.9457014
25075,402,25477,62.37562189
37756,398,38154,94.86432161
23868,66,23934,361.6363636
43864,660,44524,66.46060606
23426,456,23882,51.37280702
30817,527,31344,58.47628083
24457,88,24545,277.9204545
33384,341,33725,97.90029326
30134,293,30427,102.8464164
31646,197,31843,160.6395939
24184,162,24346,149.2839506
24495,524,25019,46.74618321
37416,108,37524,346.4444444
37462,736,38198,50.89945652
38939,172,39111,226.3895349
40616,1630,42246,24.91779141
26021,475,26496,54.78105263
24859,132,24991,188.3257576
28608,111,28719,257.7297297
32364,513,32877,63.0877193
27919,624,28543,44.74198718
29627,467,30094,63.44111349
44976,259,45235,173.6525097
32858,418,33276,78.6076555
45387,165,45552,275.0727273
41360,202,41562,204.7524752
26425,466,26891,56.70600858
27024,76,27100,355.5789474
24142,223,24365,108.2600897
23775,373,24148,63.73994638
23429,349,23778,67.13180516
33856,290,34146,116.7448276
29298,409,29707,71.63325183
23205,266,23471,87.23684211
30218,728,30946,41.50824176
24067,269,24336,89.46840149
27170,536,27706,50.69029851
26298,192,26490,136.96875
24754,396,25150,62.51010101
29280,231,29511,126.7532468
25889,303,26192,85.44224422
23745,381,24126,62.32283465
44226,223,44449,198.32287
25316,308,25624,82.19480519
36804,816,37620,45.10294118
29550,130,29680,227.3076923
42689,480,43169,88.93541667
24639,196,24835,125.7091837
31045,300,31345,103.4833333
35223,307,35530,114.732899
27195,138,27333,197.0652174
42072,194,42266,216.8659794
36628,306,36934,119.6993464
25220,528,25748,47.76515152
26633,539,27172,49.41187384
25911,186,26097,139.3064516
25988,182,26170,142.7912088
30692,108,30800,284.1851852
38572,190,38762,203.0105263
34717,311,35028,111.6302251
45627,272,45899,167.7463235
23829,147,23976,162.1020408
39425,681,40106,57.8928047
28635,798,29433,35.88345865
30735,881,31616,34.88649262
36437,517,36954,70.47775629
36012,284,36296,126.8028169
26686,205,26891,130.1756098
30135,229,30364,131.5938865
28441,540,28981,52.66851852
25460,153,25613,166.4052288
26626,83,26709,320.7951807
26388,163,26551,161.8895706
31350,103,31453,304.368932
25161,225,25386,111.8266667
33252,152,33404,218.7631579
24273,189,24462,128.4285714
43069,404,43473,106.6064356
23222,377,23599,61.59681698
25141,272,25413,92.43014706
25643,362,26005,70.83701657
29428,141,29569,208.7092199
26306,184,26490,142.9673913
33776,130,33906,259.8153846
29084,376,29460,77.35106383
40909,153,41062,267.379085
44337,4278,48615,10.36395512
34509,53,34562,651.1132075
25288,147,25435,172.0272109
26595,119,26714,223.487395
24128,249,24377,96.89959839
26125,314,26439,83.20063694
23246,193,23439,120.4455959
27535,443,27978,62.15575621
33613,518,34131,64.88996139
28079,530,28609,52.97924528
37063,523,37586,70.86615679
32846,581,33427,56.53356282
32264,163,32427,197.9386503
23433,446,23879,52.54035874
41107,401,41508,102.5112219
27533,445,27978,61.87191011
26545,113,26658,234.9115044
25194,192,25386,131.21875
31418,210,31628,149.6095238
23444,147,23591,159.4829932
26988,197,27185,136.9949239
33644,127,33771,264.9133858
25930,315,26245,82.31746032
24527,486,25013,50.46707819
33836,166,34002,203.8313253
39579,388,39967,102.007732
25644,639,26283,40.1314554
27845,440,28285,63.28409091
42178,157,42335,268.6496815
24903,559,25462,44.54919499
25189,147,25336,171.3537415
24740,464,25204,53.31896552
24457,375,24832,65.21866667
24566,338,24904,72.68047337
38895,646,39541,60.20897833
24310,325,24635,74.8
23342,399,23741,58.50125313
25944,559,26503,46.41144902
31422,440,31862,71.41363636
35081,327,35408,107.2813456
24673,461,25134,53.52060738
33764,167,33931,202.1796407
32174,1067,33241,30.15370197
25010,359,25369,69.66573816
30336,372,30708,81.5483871
27955,284,28239,98.43309859
23352,314,23666,74.36942675
38219,599,38818,63.80467446
33112,800,33912,41.39
26216,82,26298,319.7073171
24376,127,24503,191.9370079
26662,237,26899,112.4978903
26838,294,27132,91.28571429
43620,402,44022,108.5074627
24087,360,24447,66.90833333
24613,255,24868,96.52156863
26933,303,27236,88.88778878
28553,364,28917,78.44230769
27188,352,27540,77.23863636
23889,160,24049,149.30625
37018,997,38015,37.12938816
30599,225,30824,135.9955556
35113,414,35527,84.81400966
23789,363,24152,65.53443526
23365,402,23767,58.12189055
26460,229,26689,115.5458515
38603,480,39083,80.42291667
34378,421,34799,81.65795724
27530,214,27744,128.6448598
39756,472,40228,84.22881356
31029,312,31341,99.45192308
27414,688,28102,39.84593023
28358,468,28826,60.59401709
25485,365,25850,69.82191781
29852,101,29953,295.5643564
25370,253,25623,100.2766798
23625,224,23849,105.46875
37257,548,37805,67.98722628
32330,563,32893,57.42451155
23595,863,24458,27.34067207
30460,127,30587,239.8425197
27511,257,27768,107.0466926
31872,233,32105,136.7896996
27681,199,27880,139.1005025
23895,444,24339,53.81756757
28239,214,28453,131.9579439
29859,612,30471,48.78921569
23170,659,23829,35.15933232
23664,204,23868,116
23794,136,23930,174.9558824
25071,1140,26211,21.99210526
32003,519,32522,61.6628131
40599,239,40838,169.8702929
25015,507,25522,49.33925049
24876,576,25452,43.1875
31859,217,32076,146.8156682
25488,239,25727,106.6443515
26328,401,26729,65.65586035
35291,288,35579,122.5381944
34302,346,34648,99.13872832
28927,237,29164,122.0548523
26853,453,27306,59.2781457
23918,176,24094,135.8977273
28459,363,28822,78.39944904
23605,283,23888,83.40989399
27779,223,28002,124.5695067
44904,320,45224,140.325
27080,167,27247,162.1556886
28124,340,28464,82.71764706
24924,428,25352,58.23364486
28611,411,29022,69.61313869
42965,405,43370,106.0864198
30848,420,31268,73.44761905
24789,435,25224,56.9862069
35387,2285,37672,15.48665208
28613,377,28990,75.89655172
29465,418,29883,70.49043062
27381,474,27855,57.76582278
44840,104,44944,431.1538462
35640,284,35924,125.4929577
24845,411,25256,60.45012165
25538,491,26029,52.01221996
29042,659,29701,44.06980273
31083,447,31530,69.53691275
29255,424,29679,68.99764151
42438,271,42709,156.597786
33823,409,34232,82.69682152
23608,68,23676,347.1764706
34278,174,34452,197
26141,228,26369,114.6535088
25492,318,25810,80.16352201
27615,476,28091,58.01470588
25778,166,25944,155.2891566
23229,76,23305,305.6447368
26412,248,26660,106.5
33686,207,33893,162.7342995
25427,86,25513,295.6627907
31098,171,31269,181.8596491
29843,498,30341,59.92570281
35688,244,35932,146.2622951
25457,603,26060,42.2172471
31782,334,32116,95.15568862
30353,59,30412,514.4576271
24947,510,25457,48.91568627
33583,484,34067,69.38636364
36787,436,37223,84.37385321
29008,282,29290,102.8652482
24406,314,24720,77.72611465
28054,329,28383,85.27051672
33416,632,34048,52.87341772
28238,110,28348,256.7090909
28236,63,28299,448.1904762
24517,419,24936,58.51312649
29656,189,29845,156.9100529
35038,475,35513,73.76421053
25094,135,25229,185.8814815
26109,26,26135,1004.192308
28607,233,28840,122.776824
42236,675,42911,62.57185185
23331,71,23402,328.6056338
33256,191,33447,174.1151832
23927,403,24330,59.37220844
24496,648,25144,37.80246914
29374,339,29713,86.64896755
24180,494,24674,48.94736842
26569,424,26993,62.66273585
25416,212,25628,119.8867925
33643,163,33806,206.398773
31105,222,31327,140.1126126
24372,663,25035,36.760181
26315,244,26559,107.8483607
29708,260,29968,114.2615385
28470,65,28535,438
23406,147,23553,159.2244898
28783,357,29140,80.62464986
33178,445,33623,74.55730337
39725,274,39999,144.9817518
27893,204,28097,136.7303922
29464,197,29661,149.5634518
26202,173,26375,151.4566474
31704,284,31988,111.6338028
28362,123,28485,230.5853659
23598,229,23827,103.0480349
27529,388,27917,70.95103093
22962,338,23300,67.93491124
33655,122,33777,275.8606557
30659,411,31070,74.59610706
30880,345,31225,89.50724638
28264,186,28450,151.9569892
25603,210,25813,121.9190476
25917,191,26108,135.6910995
37905,163,38068,232.5460123
27660,435,28095,63.5862069
37778,105,37883,359.7904762
26509,435,26944,60.94022989
33877,273,34150,124.0915751
23289,377,23666,61.77453581
26654,70,26724,380.7714286
28033,93,28126,301.4301075
26484,366,26850,72.36065574
26862,1812,28674,14.82450331
25170,581,25751,43.32185886
25639,554,26193,46.27978339
24376,267,24643,91.29588015
31201,142,31343,219.7253521
36713,418,37131,87.83014354
23889,415,24304,57.56385542
32102,962,33064,33.37006237
31272,371,31643,84.29110512
25168,94,25262,267.7446809
33364,249,33613,133.9919679
33421,153,33574,218.4379085
31086,284,31370,109.4577465
45068,112,45180,402.3928571
32847,308,33155,106.6461039
25683,251,25934,102.3227092
26966,439,27405,61.42596811
27446,154,27600,178.2207792
23009,264,23273,87.15530303
42564,205,42769,207.6292683
24561,428,24989,57.38551402
24305,295,24600,82.38983051
38678,959,39637,40.33159541
26499,442,26941,59.95248869
23747,474,24221,50.09915612
36830,528,37358,69.75378788
24578,735,25313,33.43945578
29185,321,29506,90.91900312
25286,613,25899,41.24959217
26393,573,26966,46.06108202
33194,169,33363,196.4142012
31280,694,31974,45.07204611
28614,402,29016,71.17910448
24099,319,24418,75.54545455
33285,176,33461,189.1193182
24046,540,24586,44.52962963
30278,355,30633,85.29014085
30249,564,30813,53.63297872
37590,479,38069,78.47599165
27463,324,27787,84.76234568
27438,407,27845,67.41523342
26774,566,27340,47.30388693
24887,188,25075,132.3776596
22957,237,23194,96.8649789
24490,454,24944,53.94273128
23682,198,23880,119.6060606
22913,66,22979,347.1666667
29722,468,30190,63.50854701
34874,350,35224,99.64
28728,504,29232,57
37571,215,37786,174.7488372
45778,84,45862,544.9761905
23514,211,23725,111.4407583
32043,183,32226,175.0983607
27240,66,27306,412.7272727
33623,370,33993,90.87297297
23290,286,23576,81.43356643
28766,350,29116,82.18857143
27197,432,27629,62.95601852
37397,565,37962,66.18938053
26780,394,27174,67.96954315
23579,148,23727,159.3175676
25790,2519,28309,10.23818976
25270,267,25537,94.64419476
31389,319,31708,98.39811912
40879,490,41369,83.42653061
23136,282,23418,82.04255319
44117,318,44435,138.7327044
23245,280,23525,83.01785714
24115,491,24606,49.11405295
42119,340,42459,123.8794118
29959,100,30059,299.59
25062,331,25393,75.71601208
34607,192,34799,180.2447917
39429,125,39554,315.432
29762,397,30159,74.96725441
35555,423,35978,84.05437352
23795,174,23969,136.7528736
39911,307,40218,130.0032573
27113,261,27374,103.8812261
25699,521,26220,49.32629559
35044,168,35212,208.5952381
26663,395,27058,67.50126582
33596,483,34079,69.55693582
23328,298,23626,78.28187919
34533,587,35120,58.82964225
43179,402,43581,107.4104478
23146,308,23454,75.14935065
27115,133,27248,203.8721805
24985,373,25358,66.98391421
35444,197,35641,179.9187817
34412,418,34830,82.32535885
22954,392,23346,58.55612245
26743,503,27246,53.16699801
31155,597,31752,52.18592965
37392,442,37834,84.59728507
28755,558,29313,51.53225806
25471,417,25888,61.08153477
26007,630,26637,41.28095238
30899,261,31160,118.3869732
25028,326,25354,76.77300613
24459,147,24606,166.3877551
26117,215,26332,121.4744186
24961,410,25371,60.8804878
23189,451,23640,51.41685144
25058,305,25363,82.15737705
43397,354,43751,122.5903955
30604,631,31235,48.50079239
25392,168,25560,151.1428571
27814,297,28111,93.64983165
43912,585,44497,75.06324786
26980,180,27160,149.8888889
25598,850,26448,30.11529412
32850,601,33451,54.65890183
23780,298,24078,79.79865772
29054,592,29646,49.0777027
32515,198,32713,164.2171717
28133,442,28575,63.64932127
24356,444,24800,54.85585586
26083,130,26213,200.6384615
24684,251,24935,98.34262948
23313,316,23629,73.77531646
23955,371,24326,64.56873315
24913,319,25232,78.09717868
31127,279,31406,111.5663082
31983,297,32280,107.6868687
31891,572,32463,55.7534965
31301,838,32139,37.35202864
24177,122,24299,198.1721311
31625,384,32009,82.35677083
26568,325,26893,81.74769231
28575,453,29028,63.0794702
27675,474,28149,58.38607595
27126,580,27706,46.76896552
23778,342,24120,69.52631579
28241,320,28561,88.253125
24661,262,24923,94.1259542
30770,680,31450,45.25
27046,205,27251,131.9317073
24875,487,25362,51.07802875
28860,277,29137,104.1877256
36049,255,36304,141.3686275
29389,285,29674,103.1192982
28734,269,29003,106.8178439
26800,190,26990,141.0526316
24173,547,24720,44.19195612
34062,291,34353,117.0515464
34102,375,34477,90.93866667
31491,345,31836,91.27826087
26505,605,27110,43.80991736
26084,298,26382,87.53020134
24399,307,24706,79.47557003
23362,248,23610,94.2016129
38045,446,38491,85.30269058
30089,177,30266,169.9943503
31800,360,32160,88.33333333
25141,202,25343,124.460396
24281,155,24436,156.6516129
34954,263,35217,132.904943
28671,961,29632,29.83454735
33609,5037,38646,6.672424062
23468,639,24107,36.72613459
24513,233,24746,105.2060086
35252,357,35609,98.74509804
31017,395,31412,78.52405063
37145,657,37802,56.53729072
29083,160,29243,181.76875
27526,305,27831,90.24918033
36223,404,36627,89.66089109
44439,313,44752,141.9776358
23120,441,23561,52.42630385
35573,151,35724,235.5827815
27045,455,27500,59.43956044
27922,312,28234,89.49358974
41083,470,41553,87.4106383
28452,455,28907,62.53186813
37409,535,37944,69.92336449
30244,340,30584,88.95294118
23364,202,23566,115.6633663
31320,207,31527,151.3043478
34797,378,35175,92.05555556
23697,237,23934,99.98734177
27726,344,28070,80.59883721
24137,472,24609,51.13771186
30372,203,30575,149.6157635
30765,417,31182,73.77697842
23399,652,24051,35.88803681
34187,420,34607,81.39761905
28594,243,28837,117.6707819
23784,248,24032,95.90322581
23350,202,23552,115.5940594
25007,219,25226,114.1872146
26183,189,26372,138.5343915
29448,506,29954,58.19762846
23849,284,24133,83.97535211
31657,232,31889,136.4525862
27594,632,28226,43.66139241
26208,509,26717,51.4891945
39885,375,40260,106.36
39797,254,40051,156.6811024
24895,263,25158,94.65779468
27816,289,28105,96.24913495
26688,555,27243,48.08648649
25450,270,25720,94.25925926
24078,52,24130,463.0384615
35755,248,36003,144.1733871
26812,336,27148,79.79761905
28954,207,29161,139.8743961
32256,124,32380,260.1290323
24375,483,24858,50.46583851
27880,96,27976,290.4166667
39631,148,39779,267.777027
26605,199,26804,133.6934673
40340,383,40723,105.3263708
45277,584,45861,77.52910959
25945,760,26705,34.13815789
27669,238,27907,116.2563025
28436,244,28680,116.5409836
37921,291,38212,130.3127148
34075,307,34382,110.9934853
29391,293,29684,100.3105802
26461,560,27021,47.25178571
23155,367,23522,63.09264305
24055,415,24470,57.96385542
44869,408,45277,109.9730392
29832,176,30008,169.5
25366,349,25715,72.68194842
34386,364,34750,94.46703297
23323,153,23476,152.4379085
28597,614,29211,46.57491857
24677,279,24956,88.44802867
36427,400,36827,91.0675
30867,360,31227,85.74166667
27837,328,28165,84.86890244
24908,196,25104,127.0816327
23358,265,23623,88.14339623
28826,439,29265,65.66287016
32735,596,33331,54.92449664
27573,539,28112,51.15584416
26868,471,27339,57.04458599
36953,569,37522,64.94376098
25954,442,26396,58.71945701
40855,150,41005,272.3666667
27613,122,27735,226.3360656
30128,623,30751,48.35955056
32034,151,32185,212.1456954
31590,505,32095,62.55445545
35614,626,36240,56.8913738
24753,402,25155,61.57462687
26714,546,27260,48.92673993
23907,313,24220,76.38019169
29456,228,29684,129.1929825
24780,175,24955,141.6
25287,197,25484,128.3604061
32095,167,32262,192.1856287
24465,129,24594,189.6511628
25402,189,25591,134.4021164
34650,249,34899,139.1566265
23544,279,23823,84.38709677
30062,470,30532,63.96170213
26892,298,27190,90.24161074
26197,189,26386,138.6084656
23043,193,23236,119.3937824
31104,280,31384,111.0857143
25111,517,25628,48.57059961
24073,269,24342,89.49070632
24968,129,25097,193.5503876
22976,215,23191,106.8651163
24108,396,24504,60.87878788
32611,271,32882,120.3357934
39089,224,39313,174.5044643
28877,208,29085,138.8317308
26035,291,26326,89.46735395
34852,304,35156,114.6447368
29548,240,29788,123.1166667
34669,272,34941,127.4595588
33052,187,33239,176.7486631
26273,377,26650,69.68965517
25639,580,26219,44.20517241
26338,590,26928,44.64067797
29767,364,30131,81.77747253
26442,309,26751,85.57281553
39832,510,40342,78.10196078
23070,988,24058,23.35020243
40782,372,41154,109.6290323
26831,463,27294,57.95032397
23691,323,24014,73.34674923
29565,489,30054,60.4601227
25474,426,25900,59.79812207
24771,245,25016,101.1061224
39054,9617,48671,4.060933763
34895,719,35614,48.53268428
36752,94,36846,390.9787234
27209,395,27604,68.8835443
40517,332,40849,122.0391566
23226,282,23508,82.36170213
23290,480,23770,48.52083333
27864,325,28189,85.73538462
37317,217,37534,171.9677419
42335,109,42444,388.3944954
23539,178,23717,132.241573
26318,351,26669,74.98005698
27872,134,28006,208
24202,233,24435,103.8712446
26984,258,27242,104.5891473
45337,378,45715,119.9391534
24854,650,25504,38.23692308
24892,519,25411,47.96146435
30145,415,30560,72.63855422
31104,318,31422,97.81132075
39054,506,39560,77.18181818
24928,192,25120,129.8333333
43027,142,43169,303.0070423
44586,189,44775,235.9047619
28693,162,28855,177.117284
24109,400,24509,60.2725
23656,251,23907,94.24701195
26631,289,26920,92.14878893
38466,609,39075,63.16256158
26253,82,26335,320.1585366
29114,300,29414,97.04666667
26947,250,27197,107.788
27203,408,27611,66.67401961
28675,213,28888,134.6244131
28480,116,28596,245.5172414
23508,217,23725,108.3317972
29909,67,29976,446.4029851
26606,484,27090,54.97107438
35318,162,35480,218.0123457
40729,509,41238,80.01768173
23544,1736,25280,13.56221198
28956,406,29362,71.32019704
25901,596,26497,43.45805369
41395,64,41459,646.796875
27627,267,27894,103.4719101
33555,176,33731,190.6534091
25808,585,26393,44.11623932
37807,537,38344,70.40409683
23398,10845,34243,2.157491932
25921,620,26541,41.80806452
24384,399,24783,61.11278195
23960,575,24535,41.66956522
27114,390,27504,69.52307692
28041,439,28480,63.87471526
26995,142,27137,190.1056338
44540,478,45018,93.17991632
22939,201,23140,114.1243781
25044,360,25404,69.56666667
23306,248,23554,93.97580645
24365,205,24570,118.8536585
28996,477,29473,60.78825996
23704,508,24212,46.66141732
33978,429,34407,79.2027972
42935,459,43394,93.54030501
25766,157,25923,164.1146497
35633,164,35797,217.2743902
34299,662,34961,51.81117825
31819,544,32363,58.49080882
23310,312,23622,74.71153846
35064,291,35355,120.4948454
40352,525,40877,76.86095238
25479,659,26138,38.66312595
44759,229,44988,195.4541485
23682,129,23811,183.5813953
25343,214,25557,118.4252336
29213,175,29388,166.9314286
26874,324,27198,82.94444444
23129,256,23385,90.34765625
25826,399,26225,64.72681704
29309,68,29377,431.0147059
25204,322,25526,78.27329193
30239,204,30443,148.2303922
28698,223,28921,128.690583
24359,192,24551,126.8697917
27343,417,27760,65.57074341
25534,171,25705,149.3216374
29259,588,29847,49.76020408
25078,155,25233,161.7935484
24074,116,24190,207.5344828
24924,202,25126,123.3861386
26602,451,27053,58.98447894
23035,538,23573,42.81598513
31702,400,32102,79.255
28215,288,28503,97.96875
26414,149,26563,177.2751678
37621,221,37842,170.2307692
38580,446,39026,86.50224215
29786,480,30266,62.05416667
27200,300,27500,90.66666667
22987,233,23220,98.65665236
36248,372,36620,97.44086022
23494,497,23991,47.27162978
25592,455,26047,56.24615385
27999,347,28346,80.68876081
38266,545,38811,70.21284404
38443,171,38614,224.8128655
24415,410,24825,59.54878049
31414,304,31718,103.3355263
23892,289,24181,82.67128028
38826,244,39070,159.1229508
22932,185,23117,123.9567568
25512,202,25714,126.2970297
31977,367,32344,87.13079019
23897,614,24511,38.92019544
27928,212,28140,131.7358491
24467,362,24829,67.58839779
29628,38,29666,779.6842105
30634,195,30829,157.0974359
33492,397,33889,84.3627204
31631,349,31980,90.63323782
27618,642,28260,43.01869159
29985,308,30293,97.3538961
23483,193,23676,121.6735751
25986,415,26401,62.61686747
24048,386,24434,62.30051813
34038,125,34163,272.304
25519,263,25782,97.03041825
23812,262,24074,90.88549618
27215,127,27342,214.2913386
34316,87,34403,394.4367816
31493,499,31992,63.11222445
27333,190,27523,143.8578947
24149,142,24291,170.0633803
34124,157,34281,217.3503185
23848,431,24279,55.33178654
22979,484,23463,47.47727273
28280,651,28931,43.44086022
32521,215,32736,151.2604651
25118,147,25265,170.8707483
29624,223,29847,132.8430493
23204,463,23667,50.11663067
27312,318,27630,85.88679245
30956,326,31282,94.95705521
27617,412,28029,67.0315534
32246,503,32749,64.10735586
26173,365,26538,71.70684932
24814,339,25153,73.19764012
25385,260,25645,97.63461538
29909,177,30086,168.9774011
34891,460,35351,75.85
25807,410,26217,62.94390244
28941,448,29389,64.60044643
26164,185,26349,141.427027
29020,204,29224,142.254902
24972,347,25319,71.96541787
23189,315,23504,73.61587302
36072,2201,38273,16.38891413
23583,198,23781,119.1060606
24527,526,25053,46.62927757
35288,142,35430,248.5070423
30486,103,30589,295.9805825
27282,307,27589,88.86644951
38358,737,39095,52.04613297
33092,243,33335,136.18107
25130,244,25374,102.9918033
24539,279,24818,87.95340502
32152,298,32450,107.8926174
28086,260,28346,108.0230769
26738,229,26967,116.7598253
30228,362,30590,83.50276243
29579,214,29793,138.2196262
34880,291,35171,119.862543
24598,132,24730,186.3484848
24046,430,24476,55.92093023
30932,280,31212,110.4714286
35508,371,35879,95.70889488
24160,337,24497,71.69139466
35645,282,35927,126.4007092
27439,673,28112,40.77117385
27585,335,27920,82.34328358
24717,429,25146,57.61538462
29656,291,29947,101.9106529
38312,224,38536,171.0357143
26545,379,26924,70.03957784
35979,310,36289,116.0612903
24209,554,24763,43.69855596
26943,291,27234,92.58762887
25515,328,25843,77.78963415
27048,639,27687,42.3286385
23648,304,23952,77.78947368
38943,314,39257,124.022293
23842,295,24137,80.82033898
28135,389,28524,72.32647815
32218,463,32681,69.58531317
27763,162,27925,171.3765432
24971,266,25237,93.87593985
25201,186,25387,135.4892473
31427,244,31671,128.7991803
23983,213,24196,112.5962441
24720,329,25049,75.13677812
32930,622,33552,52.94212219
26902,409,27311,65.77506112
25008,144,25152,173.6666667
25660,408,26068,62.89215686
29771,273,30044,109.0512821
30429,816,31245,37.29044118
38072,222,38294,171.4954955
28796,348,29144,82.74712644
29692,162,29854,183.2839506
27274,128,27402,213.078125
23086,251,23337,91.97609562
27910,209,28119,133.5406699
29912,114,30026,262.3859649
26548,675,27223,39.33037037
44994,298,45292,150.9865772
31172,498,31670,62.59437751
36883,150,37033,245.8866667
23335,289,23624,80.74394464
35511,248,35759,143.1895161
24077,305,24382,78.94098361
24281,425,24706,57.13176471
26005,273,26278,95.25641026
29880,338,30218,88.40236686
33037,265,33302,124.6679245
24625,659,25284,37.36722307
23976,115,24091,208.4869565
27751,354,28105,78.39265537
35782,369,36151,96.9701897
38420,223,38643,172.2869955
34224,192,34416,178.25
23530,712,24242,33.04775281
37574,465,38039,80.80430108
44206,46,44252,961
27543,200,27743,137.715
27964,343,28307,81.52769679
23035,456,23491,50.51535088
41932,157,42089,267.0828025
23171,707,23878,32.77369165
25696,86,25782,298.7906977
24613,454,25067,54.21365639
24925,154,25079,161.8506494
29365,93,29458,315.7526882
29469,341,29810,86.41935484
32039,488,32527,65.65368852
24034,370,24404,64.95675676
24645,380,25025,64.85526316
30301,381,30682,79.53018373
28134,241,28375,116.7385892
28330,123,28453,230.3252033
35274,459,35733,76.8496732
29303,377,29680,77.72679045
24190,244,24434,99.13934426
26072,739,26811,35.28010825
23002,559,23561,41.14847943
33537,622,34159,53.91800643
43611,351,43962,124.2478632
25267,370,25637,68.28918919
24569,286,24855,85.90559441
23806,493,24299,48.28803245
24553,415,24968,59.16385542
39166,521,39687,75.17466411
36093,343,36436,105.2274052
23155,462,23617,50.11904762
29110,433,29543,67.22863741
26143,246,26389,106.2723577
25653,145,25798,176.9172414
23380,266,23646,87.89473684
32687,165,32852,198.1030303
25427,131,25558,194.0992366
25218,500,25718,50.436
26955,199,27154,135.4522613
30154,312,30466,96.6474359
25911,498,26409,52.03012048
23310,563,23873,41.40319716
24536,408,24944,60.1372549
29565,181,29746,163.3425414
27468,131,27599,209.6793893
31652,392,32044,80.74489796
27460,233,27693,117.8540773
26444,642,27086,41.19003115
38011,237,38248,160.3839662
25048,558,25606,44.88888889
27028,317,27345,85.26182965
40643,642,41285,63.30685358
24070,394,24464,61.09137056
23256,299,23555,77.77926421
23469,356,23825,65.9241573
27848,169,28017,164.7810651
30366,299,30665,101.5585284
25271,413,25684,61.18886199
37154,131,37285,283.6183206
37041,604,37645,61.32615894
25101,449,25550,55.90423163
23544,312,23856,75.46153846
24487,638,25125,38.38087774
23844,450,24294,52.98666667
34522,279,34801,123.734767
25345,456,25801,55.58114035
39091,55,39146,710.7454545
34634,228,34862,151.9035088
29283,985,30268,29.72893401
25516,71,25587,359.3802817
26097,190,26287,137.3526316
27625,876,28501,31.53538813
42287,155,42442,272.8193548
32117,562,32679,57.14768683
24115,276,24391,87.37318841
43377,691,44068,62.77424023
43866,209,44075,209.8851675
27977,160,28137,174.85625
37224,489,37713,76.12269939
23151,217,23368,106.6866359
27883,318,28201,87.68238994
36043,109,36152,330.6697248
34858,221,35079,157.7285068
34027,278,34305,122.3992806
39556,110,39666,359.6
25217,220,25437,114.6227273
24609,354,24963,69.51694915
23769,383,24152,62.06005222
27495,355,27850,77.45070423
23202,365,23567,63.56712329
29175,166,29341,175.753012
31757,73,31830,435.0273973
27684,343,28027,80.71137026
30230,404,30634,74.82673267
23751,74,23825,320.9594595
27638,149,27787,185.4899329
24670,122,24792,202.2131148
42758,2056,44814,20.79669261
29125,267,29392,109.082397
40456,194,40650,208.5360825
28900,131,29031,220.610687
26749,400,27149,66.8725
44328,155,44483,285.9870968
32601,600,33201,54.335
37005,259,37264,142.8764479
24022,200,24222,120.11
38655,312,38967,123.8942308
26256,294,26550,89.30612245
29648,300,29948,98.82666667
33526,297,33823,112.8821549
26569,184,26753,144.3967391
23052,332,23384,69.43373494
33332,384,33716,86.80208333
32407,323,32730,100.3312693
38736,457,39193,84.76148796
30439,197,30636,154.5126904
39243,363,39606,108.107438
23170,289,23459,80.17301038
23978,296,24274,81.00675676
37061,464,37525,79.87284483
24675,477,25152,51.72955975
27349,390,27739,70.12564103
26706,700,27406,38.15142857
26104,434,26538,60.14746544
27099,668,27767,40.56736527
26306,541,26847,48.62476895
26565,471,27036,56.40127389
31659,1057,32716,29.95175024
26442,699,27141,37.82832618
34676,295,34971,117.5457627
31835,158,31993,201.4873418
27003,196,27199,137.7704082
30424,668,31092,45.54491018
36728,302,37030,121.615894
26376,424,26800,62.20754717
43392,531,43923,81.71751412
40770,2866,43636,14.22540126
23192,205,23397,113.1317073
23547,144,23691,163.5208333
42259,159,42418,265.7798742
33865,208,34073,162.8125
38035,384,38419,99.04947917
43433,140,43573,310.2357143
37867,347,38214,109.1268012
27193,294,27487,92.49319728
25712,269,25981,95.58364312
34906,266,35172,131.2255639
28453,786,29239,36.19974555
24017,426,24443,56.37793427
27438,153,27591,179.3333333
25493,117,25610,217.8888889
23377,443,23820,52.76975169
24270,433,24703,56.05080831
24311,187,24498,130.0053476
25183,410,25593,61.42195122
30983,312,31295,99.30448718
43933,240,44173,183.0541667
40287,239,40526,168.5648536
23478,178,23656,131.8988764
24726,424,25150,58.31603774
42663,372,43035,114.6854839
26893,535,27428,50.26728972
32462,122,32584,266.0819672
26126,539,26665,48.47124304
23629,754,24383,31.33819629
23811,570,24381,41.77368421
35999,289,36288,124.5640138
39968,674,40642,59.29970326
27147,442,27589,61.41855204
23033,236,23269,97.59745763
33385,147,33532,227.1088435
25679,246,25925,104.3861789
25237,324,25561,77.89197531
36151,126,36277,286.9126984
29332,1297,30629,22.615266
30084,85,30169,353.9294118
27532,377,27909,73.02917772
23028,654,23682,35.21100917
25529,389,25918,65.62724936
27826,211,28037,131.8767773
37072,662,37734,56
40512,351,40863,115.4188034
28455,264,28719,107.7840909
32425,392,32817,82.71683673
23747,118,23865,201.2457627
23194,145,23339,159.9586207
24345,268,24613,90.83955224
38644,229,38873,168.7510917
29002,311,29313,93.25401929
26902,68,26970,395.6176471
28111,307,28418,91.56677524
22917,311,23228,73.68810289
27630,451,28081,61.26385809
28681,218,28899,131.5642202
32131,647,32778,49.66151468
27206,129,27335,210.8992248
25385,307,25692,82.68729642
27520,273,27793,100.8058608
38557,250,38807,154.228
43567,72,43639,605.0972222
42775,37,42812,1156.081081
25011,172,25183,145.4127907
31152,544,31696,57.26470588
33010,188,33198,175.5851064
28831,264,29095,109.2083333
30426,305,30731,99.75737705
26986,223,27209,121.0134529
26532,463,26995,57.30453564
33237,705,33942,47.14468085
23428,409,23837,57.28117359
23763,293,24056,81.10238908
26873,279,27152,96.31899642
23147,194,23341,119.314433
27145,604,27749,44.94205298
36876,379,37255,97.29815303
38862,268,39130,145.0074627
31038,224,31262,138.5625
23492,599,24091,39.21869783
38015,148,38163,256.8581081
25974,119,26093,218.2689076
30917,72,30989,429.4027778
27527,510,28037,53.9745098
29898,446,30344,67.03587444
30415,443,30858,68.65688488
22947,419,23366,54.76610979
27945,569,28514,49.11247803
32236,91,32327,354.2417582
23892,534,24426,44.74157303
30615,113,30728,270.9292035
41786,574,42360,72.79790941
30665,136,30801,225.4779412
44592,205,44797,217.5219512
27366,466,27832,58.72532189
40721,203,40924,200.5960591
25211,674,25885,37.40504451
38351,136,38487,281.9926471
30471,222,30693,137.2567568
29196,102,29298,286.2352941
39844,340,40184,117.1882353
27159,167,27326,162.6287425
23581,541,24122,43.58780037
32412,196,32608,165.3673469
27923,174,28097,160.4770115
35347,220,35567,160.6681818
39547,513,40060,77.08966862
27816,87,27903,319.7241379
26384,358,26742,73.69832402
25985,220,26205,118.1136364
27932,325,28257,85.94461538
23174,220,23394,105.3363636
26577,210,26787,126.5571429
26115,44,26159,593.5227273
30473,409,30882,74.50611247
27130,387,27517,70.10335917
25735,724,26459,35.54558011
23979,273,24252,87.83516484
24598,438,25036,56.15981735
31057,529,31586,58.70888469
35844,300,36144,119.48
25054,524,25578,47.8129771
38924,502,39426,77.53784861
30147,302,30449,99.82450331
28282,436,28718,64.86697248
32493,245,32738,132.6244898
24253,313,24566,77.485623
28931,250,29181,115.724
38075,259,38334,147.007722
23101,238,23339,97.06302521
23350,198,23548,117.9292929
38540,322,38862,119.689441
42061,448,42509,93.88616071
27025,302,27327,89.48675497
26540,20,26560,1327
28621,176,28797,162.6193182
22985,89,23074,258.258427
29498,224,29722,131.6875
23572,276,23848,85.4057971
41334,259,41593,159.5907336
23718,324,24042,73.2037037
36852,275,37127,134.0072727
28825,276,29101,104.4384058
26677,280,26957,95.275
27537,162,27699,169.9814815
30353,267,30620,113.6816479
37927,299,38226,126.8461538
44038,322,44360,136.7639752
24229,227,24456,106.7356828
24796,385,25181,64.40519481
27066,542,27608,49.93726937
25993,773,26766,33.62613195
25022,173,25195,144.6358382
23897,487,24384,49.0698152
23059,374,23433,61.65508021
27177,510,27687,53.28823529
25577,361,25938,70.85041551
24881,284,25165,87.60915493
27858,318,28176,87.60377358
36398,97,36495,375.2371134
23745,164,23909,144.7865854
22949,158,23107,145.2468354
23776,345,24121,68.91594203
35677,221,35898,161.4343891
23142,293,23435,78.98293515
28798,630,29428,45.71111111
26020,345,26365,75.42028986
32899,97,32996,339.1649485
28204,369,28573,76.43360434
25282,386,25668,65.49740933
25545,402,25947,63.54477612
34431,444,34875,77.5472973
28055,152,28207,184.5723684
42500,239,42739,177.8242678
24423,243,24666,100.5061728
30866,544,31410,56.73897059
22912,200,23112,114.56
39611,422,40033,93.86492891
40029,231,40260,173.2857143
24832,399,25231,62.23558897
40280,440,40720,91.54545455
30350,369,30719,82.24932249
24265,488,24753,49.72336066
23687,190,23877,124.6684211
30783,641,31424,48.02340094
24726,288,25014,85.85416667
42010,328,42338,128.0792683
27048,287,27335,94.24390244
23974,266,24240,90.12781955
42360,175,42535,242.0571429
25295,538,25833,47.01672862
27725,269,27994,103.0669145
25665,181,25846,141.7955801
27431,427,27858,64.2412178
29200,505,29705,57.82178218
38114,125,38239,304.912
36698,357,37055,102.7955182
42549,2512,45061,16.93829618
27534,170,27704,161.9647059
31685,267,31952,118.670412
39767,155,39922,256.5612903
28477,388,28865,73.3943299
29912,669,30581,44.71150972
37396,165,37561,226.6424242
24088,478,24566,50.39330544
23134,604,23738,38.3013245
31905,185,32090,172.4594595
31015,625,31640,49.624
30116,430,30546,70.0372093
33289,2899,36188,11.48292515
25387,234,25621,108.491453
28933,228,29161,126.8991228
23570,517,24087,45.58994197
34242,181,34423,189.1823204
24192,301,24493,80.37209302
23226,195,23421,119.1076923
24539,295,24834,83.18305085
29103,315,29418,92.39047619
24736,195,24931,126.8512821
33665,514,34179,65.49610895
23735,461,24196,51.48590022
23691,338,24029,70.09171598
28002,303,28305,92.41584158
24039,378,24417,63.5952381
25104,509,25613,49.32023576
34156,614,34770,55.6286645
41361,124,41485,333.5564516
24618,274,24892,89.84671533
25190,111,25301,226.9369369
26115,585,26700,44.64102564
40996,121,41117,338.8099174
25409,168,25577,151.2440476
25171,205,25376,122.7853659
29444,311,29755,94.67524116
25332,359,25691,70.56267409
35992,327,36319,110.0672783
26774,375,27149,71.39733333
31982,313,32295,102.1789137
25601,451,26052,56.76496674
41547,121,41668,343.3636364
39206,719,39925,54.52851182
24746,1273,26019,19.43912019
24726,445,25171,55.56404494
44272,40,44312,1106.8
24327,774,25101,31.43023256
33148,198,33346,167.4141414
31272,261,31533,119.816092
33160,383,33543,86.57963446
28343,392,28735,72.30357143
41907,487,42394,86.0513347
27080,435,27515,62.25287356
30509,225,30734,135.5955556
30199,621,30820,48.62962963
24321,396,24717,61.41666667
24017,354,24371,67.84463277
29584,571,30155,51.81085814
31842,480,32322,66.3375
27364,150,27514,182.4266667
32807,493,33300,66.54563895
24422,181,24603,134.9281768
26745,419,27164,63.83054893
33178,35,33213,947.9428571
23862,329,24191,72.52887538
24459,441,24900,55.46258503
28485,234,28719,121.7307692
26345,127,26472,207.4409449
27435,81,27516,338.7037037
27535,238,27773,115.6932773
26070,230,26300,113.3478261
28533,151,28684,188.9602649
26196,453,26649,57.82781457
26556,273,26829,97.27472527
29062,468,29530,62.0982906
26896,196,27092,137.2244898
23151,269,23420,86.06319703
27318,332,27650,82.28313253
31476,181,31657,173.9005525
22916,510,23426,44.93333333
30010,408,30418,73.55392157
29181,238,29419,122.6092437
28198,168,28366,167.8452381
28336,244,28580,116.1311475
35331,247,35578,143.0404858
28425,275,28700,103.3636364
29947,136,30083,220.1985294
40819,476,41295,85.75420168
23068,313,23381,73.69968051
25327,574,25901,44.12369338
28380,204,28584,139.1176471
31828,236,32064,134.8644068
35455,288,35743,123.1076389
23039,307,23346,75.04560261
32526,116,32642,280.3965517
24340,273,24613,89.15750916
30491,354,30845,86.13276836
34311,567,34878,60.51322751
24597,164,24761,149.9817073
31531,293,31824,107.6143345
23829,471,24300,50.59235669
28113,77,28190,365.1038961
37894,450,38344,84.20888889
25871,476,26347,54.35084034
23643,164,23807,144.1646341
33952,473,34425,71.78012685
27254,219,27473,124.4474886
31797,274,32071,116.0474453
25101,464,25565,54.09698276
37654,302,37956,124.6821192
34708,237,34945,146.4472574
23980,584,24564,41.06164384
35160,369,35529,95.28455285
29082,381,29463,76.33070866
41461,390,41851,106.3102564
29653,270,29923,109.8259259
33475,838,34313,39.94630072
34598,176,34774,196.5795455
23183,364,23547,63.68956044
42186,565,42751,74.66548673
28033,183,28216,153.1857923
26775,434,27209,61.69354839
34022,762,34784,44.64829396
24455,395,24850,61.91139241
30915,482,31397,64.13900415
25440,406,25846,62.66009852
34526,129,34655,267.6434109
42014,428,42442,98.1635514
31426,106,31532,296.4716981
24879,169,25048,147.2130178
30165,443,30608,68.09255079
24685,540,25225,45.71296296
29772,358,30130,83.16201117
30098,238,30336,126.4621849
35051,231,35282,151.7359307
40115,496,40611,80.87701613
24857,97,24954,256.257732
24976,305,25281,81.88852459
42643,425,43068,100.3364706
26366,112,26478,235.4107143
37661,305,37966,123.4786885
44177,246,44423,179.5813008
25932,593,26525,43.7301855
26572,585,27157,45.42222222
45063,527,45590,85.5085389
27677,401,28078,69.01995012
44743,202,44945,221.5
24301,288,24589,84.37847222
23617,235,23852,100.4978723
28120,129,28249,217.9844961
27851,148,27999,188.1824324
23080,450,23530,51.28888889
45644,201,45845,227.0845771
36349,525,36874,69.23619048
27088,38,27126,712.8421053
29879,102,29981,292.9313725
27041,366,27407,73.88251366
42465,420,42885,101.1071429
23383,580,23963,40.31551724
39952,550,40502,72.64
24809,375,25184,66.15733333
32408,1227,33635,26.41238794
25900,114,26014,227.1929825
24881,472,25353,52.71398305
24460,286,24746,85.52447552
28628,315,28943,90.88253968
41946,606,42552,69.21782178
27605,392,27997,70.42091837
28407,324,28731,87.67592593
31833,413,32246,77.07748184
24433,331,24764,73.81570997
24545,224,24769,109.5758929
36020,449,36469,80.22271715
25933,147,26080,176.414966
27261,145,27406,188.0068966
41660,173,41833,240.8092486
31867,298,32165,106.9362416
32520,173,32693,187.9768786
24614,457,25071,53.85995624
41863,389,42252,107.6169666
33552,165,33717,203.3454545
24374,389,24763,62.65809769
25655,252,25907,101.8055556
43194,533,43727,81.03939962
24449,81,24530,301.8395062
23081,404,23485,57.13118812
31173,309,31482,100.8834951
27616,106,27722,260.5283019
24042,214,24256,112.3457944
32123,254,32377,126.4685039
27370,520,27890,52.63461538
43094,882,43976,48.85941043
30520,244,30764,125.0819672
25316,338,25654,74.89940828
23347,333,23680,70.11111111
39738,84,39822,473.0714286
42874,440,43314,97.44090909
29462,234,29696,125.9059829
23688,464,24152,51.05172414
34567,492,35059,70.25813008
24686,47,24733,525.2340426
36744,242,36986,151.8347107
25114,139,25253,180.676259
38686,56,38742,690.8214286
23583,410,23993,57.5195122
32444,153,32597,212.0522876
37239,155,37394,240.2516129
24875,342,25217,72.73391813
23815,506,24321,47.06521739
34887,530,35417,65.8245283
29051,604,29655,48.09768212
26146,398,26544,65.69346734
25191,179,25370,140.7318436
30538,351,30889,87.002849
24772,387,25159,64.01033592
24699,171,24870,144.4385965
26526,552,27078,48.05434783
25361,192,25553,132.0885417
34699,631,35330,54.99049128
24444,461,24905,53.02386117
24563,133,24696,184.6842105
33718,301,34019,112.0199336
34953,244,35197,143.25
23593,509,24102,46.35166994
23565,522,24087,45.14367816
25440,417,25857,61.00719424
25429,400,25829,63.5725
28117,452,28569,62.20575221
26054,217,26271,120.0645161
25183,144,25327,174.8819444
30966,487,31453,63.58521561
32738,829,33567,39.49095296
24953,414,25367,60.27294686
44006,502,44508,87.66135458
43045,175,43220,245.9714286
25908,491,26399,52.76578411
37138,323,37461,114.9783282
26300,619,26919,42.48788368
32781,497,33278,65.95774648
24990,410,25400,60.95121951
28831,430,29261,67.04883721
30364,316,30680,96.08860759
35126,93,35219,377.6989247
30282,425,30707,71.25176471
26291,245,26536,107.3102041
31195,722,31917,43.20637119
26966,183,27149,147.3551913
33943,387,34330,87.70801034
23054,230,23284,100.2347826
29689,125,29814,237.512
29667,94,29761,315.606383
33714,333,34047,101.2432432
27790,284,28074,97.85211268
24826,362,25188,68.5801105
25919,479,26398,54.11064718
25541,559,26100,45.69051878
28021,239,28260,117.2426778
24120,159,24279,151.6981132
29468,253,29721,116.4743083
31382,207,31589,151.6038647
34904,286,35190,122.041958
23773,216,23989,110.0601852
40164,395,40559,101.6810127
25602,529,26131,48.39697543
25932,176,26108,147.3409091
24747,281,25028,88.06761566
28482,248,28730,114.8467742
27603,426,28029,64.79577465
43209,148,43357,291.9527027
24176,223,24399,108.4125561
23861,121,23982,197.1983471
44898,266,45164,168.7894737
26447,94,26541,281.3510638
29848,427,30275,69.90163934
25575,169,25744,151.3313609
25304,306,25610,82.69281046
28546,567,29113,50.34567901
28542,386,28928,73.94300518
25896,262,26158,98.83969466
29436,252,29688,116.8095238
42042,273,42315,154
39452,445,39897,88.65617978
36696,84,36780,436.8571429
42071,249,42320,168.9598394
26620,249,26869,106.9076305
24821,364,25185,68.18956044
38267,272,38539,140.6875
37978,178,38156,213.3595506
33597,220,33817,152.7136364
23604,88,23692,268.2272727
23201,311,23512,74.60128617
43053,437,43490,98.5194508
27552,413,27965,66.71186441
43752,347,44099,126.0864553
23118,96,23214,240.8125
32097,254,32351,126.3661417
37964,160,38124,237.275
24101,143,24244,168.5384615
44797,232,45029,193.0905172
26384,450,26834,58.63111111
33822,195,34017,173.4461538
36303,383,36686,94.78590078
26127,105,26232,248.8285714
37075,429,37504,86.42191142
24573,391,24964,62.84654731
23477,403,23880,58.25558313
25613,414,26027,61.86714976
28130,232,28362,121.25
35086,1079,36165,32.51714551
39178,157,39335,249.5414013
26358,419,26777,62.90692124
38517,725,39242,53.12689655
29627,144,29771,205.7430556
37314,251,37565,148.6613546
24699,340,25039,72.64411765
29821,268,30089,111.2723881
28935,206,29141,140.461165
29265,419,29684,69.84486874
24939,362,25301,68.89226519
28584,293,28877,97.55631399
26626,273,26899,97.53113553
37559,154,37713,243.8896104
24806,186,24992,133.3655914
31931,431,32362,74.08584687
25361,323,25684,78.51702786
24555,746,25301,32.9155496
28277,234,28511,120.8418803
39359,163,39522,241.4662577
39922,158,40080,252.6708861
24468,138,24606,177.3043478
25778,367,26145,70.23978202
24950,453,25403,55.07726269
34836,229,35065,152.1222707
26659,108,26767,246.8425926
23420,387,23807,60.51679587
45283,281,45564,161.1494662
25680,280,25960,91.71428571
26012,93,26105,279.6989247
23589,238,23827,99.11344538
29912,352,30264,84.97727273
39380,438,39818,89.9086758
26500,531,27031,49.90583804
38489,505,38994,76.21584158
33579,518,34097,64.82432432
33179,400,33579,82.9475
24139,324,24463,74.50308642
23888,122,24010,195.8032787
34402,209,34611,164.6028708
35082,380,35462,92.32105263
25593,371,25964,68.98382749
30219,203,30422,148.862069
45026,256,45282,175.8828125
31043,113,31156,274.7168142
28872,337,29209,85.6735905
29483,144,29627,204.7430556
25820,2555,28375,10.10567515
23188,268,23456,86.52238806
28096,1132,29228,24.81978799
23958,530,24488,45.20377358
26700,430,27130,62.09302326
26651,507,27158,52.56607495
31266,215,31481,145.4232558
29557,418,29975,70.71052632
26289,169,26458,155.556213
37047,256,37303,144.7148438
23079,251,23330,91.94820717
26842,326,27168,82.33742331
36948,328,37276,112.6463415
29284,181,29465,161.7900552
35621,195,35816,182.6717949
29192,295,29487,98.9559322
30994,632,31626,49.04113924
26819,323,27142,83.03095975
28972,677,29649,42.79468242
23618,164,23782,144.0121951
24277,312,24589,77.81089744
23485,422,23907,55.65165877
27370,170,27540,161
27771,611,28382,45.45171849
28804,448,29252,64.29464286
29051,431,29482,67.4037123
26524,570,27094,46.53333333
26581,592,27173,44.90033784
30050,237,30287,126.7932489
30004,581,30585,51.64199656
23803,183,23986,130.0710383
41144,37,41181,1112
29596,514,30110,57.57976654
28806,321,29127,89.73831776
28796,82,28878,351.1707317
25534,244,25778,104.647541
26083,888,26971,29.37274775
26281,402,26683,65.37562189
25029,477,25506,52.47169811
24918,439,25357,56.76082005
26337,442,26779,59.58597285
28113,231,28344,121.7012987
26831,518,27349,51.7972973
33475,573,34048,58.42059337
25514,238,25752,107.2016807
26958,229,27187,117.720524
22989,134,23123,171.5597015
39061,687,39748,56.8573508
24759,399,25158,62.05263158
35160,201,35361,174.9253731
27069,467,27536,57.96359743
28974,548,29522,52.87226277
32299,141,32440,229.070922
24914,212,25126,117.5188679
30424,252,30676,120.7301587
28787,251,29038,114.689243
24115,320,24435,75.359375
30439,301,30740,101.1262458
24718,224,24942,110.3482143
30185,214,30399,141.0514019
38893,289,39182,134.5778547
42547,519,43066,81.97880539
34443,311,34754,110.7491961
25464,287,25751,88.72473868
25951,557,26508,46.59066427
24430,159,24589,153.6477987
28035,324,28359,86.52777778
25740,213,25953,120.8450704
33790,197,33987,171.5228426
26252,321,26573,81.78193146
32348,373,32721,86.72386059
23570,629,24199,37.47217806
22912,587,23499,39.03236797
34315,247,34562,138.9271255
28077,101,28178,277.990099
27857,506,28363,55.05335968
28409,162,28571,175.3641975
24182,339,24521,71.33333333
25755,360,26115,71.54166667
26288,1029,27317,25.54713314
36545,654,37199,55.87920489
26289,189,26478,139.0952381
27348,590,27938,46.35254237
23192,396,23588,58.56565657
35537,171,35708,207.8187135
27505,433,27938,63.52193995
29210,96,29306,304.2708333
28494,306,28800,93.11764706
28682,360,29042,79.67222222
27499,240,27739,114.5791667
38669,557,39226,69.42369838
24808,152,24960,163.2105263
24006,93,24099,258.1290323
28650,285,28935,100.5263158
26145,488,26633,53.57581967
44352,65,44417,682.3384615
34752,123,34875,282.5365854
36645,78,36723,469.8076923
23404,290,23694,80.70344828
36561,101,36662,361.990099
27116,387,27503,70.06718346
26536,404,26940,65.68316832
24772,467,25239,53.04496788
35184,108,35292,325.7777778
26369,673,27042,39.18127786
28832,247,29079,116.7287449
43053,132,43185,326.1590909
43047,494,43541,87.13967611
34826,285,35111,122.1964912
28319,282,28601,100.4219858
27206,280,27486,97.16428571
33604,139,33743,241.7553957
29243,215,29458,136.0139535
31753,448,32201,70.87723214
23638,183,23821,129.1693989
26058,306,26364,85.15686275
34459,356,34815,96.79494382
40210,221,40431,181.9457014
24275,317,24592,76.57728707
24968,205,25173,121.795122
23590,100,23690,235.9
23981,305,24286,78.62622951
27633,468,28101,59.04487179
33743,445,34188,75.82696629
24251,435,24686,55.74942529
27611,255,27866,108.2784314
28746,284,29030,101.2183099
35783,235,36018,152.2680851
44167,286,44453,154.4300699
23123,566,23689,40.85335689
26878,20,26898,1343.9
32177,5279,37456,6.095283198
30199,888,31087,34.00788288
36877,592,37469,62.29222973
36819,362,37181,101.7099448
26171,168,26339,155.7797619
22913,197,23110,116.3096447
29266,586,29852,49.94197952
23884,280,24164,85.3
35676,73,35749,488.7123288
40030,334,40364,119.8502994
23321,350,23671,66.63142857
32336,219,32555,147.652968
32547,186,32733,174.983871
32097,674,32771,47.62166172
23738,186,23924,127.6236559
25555,369,25924,69.25474255
29250,166,29416,176.2048193
33550,124,33674,270.5645161
24405,129,24534,189.1860465
26743,445,27188,60.09662921
26819,538,27357,49.84944238
29801,1148,30949,25.95905923
25645,266,25911,96.40977444
23603,439,24042,53.76537585
25122,261,25383,96.25287356
40197,140,40337,287.1214286
36134,914,37048,39.53391685
26518,111,26629,238.9009009
31090,99,31189,314.040404
23368,89,23457,262.5617978
24043,481,24524,49.98544699
27157,250,27407,108.628
22964,313,23277,73.36741214
24592,500,25092,49.184
25293,365,25658,69.29589041
31108,673,31781,46.22288262
26441,401,26842,65.93765586
23124,534,23658,43.30337079
24106,138,24244,174.6811594
25553,382,25935,66.89267016
24318,390,24708,62.35384615
44078,262,44340,168.2366412
28309,131,28440,216.0992366
23326,181,23507,128.8729282
27858,795,28653,35.04150943
33219,488,33707,68.07172131
37378,120,37498,311.4833333
23800,445,24245,53.48314607
32610,987,33597,33.03951368
24279,289,24568,84.01038062
25859,400,26259,64.6475
23843,404,24247,59.01732673
24168,554,24722,43.62454874
26179,359,26538,72.92200557
23141,434,23575,53.3202765
25540,298,25838,85.70469799
29192,808,30000,36.12871287
24896,225,25121,110.6488889
23169,138,23307,167.8913043
23893,137,24030,174.4014599
24833,183,25016,135.6994536
24312,405,24717,60.02962963
26237,659,26896,39.81335357
24181,139,24320,173.9640288
30663,627,31290,48.90430622
28324,395,28719,71.70632911
24683,415,25098,59.47710843
31170,312,31482,99.90384615
24899,492,25391,50.60772358
23624,448,24072,52.73214286
33470,413,33883,81.04116223
24767,232,24999,106.7543103
27313,1016,28329,26.88287402
26298,580,26878,45.34137931
23902,137,24039,174.4671533
38891,251,39142,154.9442231
25120,355,25475,70.76056338
33773,256,34029,131.9257813
28066,358,28424,78.39664804
31433,24,31457,1309.708333
26018,3751,29769,6.936283658
27902,356,28258,78.37640449
27758,269,28027,103.1895911
25456,418,25874,60.89952153
32142,407,32549,78.97297297
27488,288,27776,95.44444444
30421,506,30927,60.12055336
29961,346,30307,86.59248555
28776,420,29196,68.51428571
43583,293,43876,148.7474403
30537,281,30818,108.6725979
25719,231,25950,111.3376623
24312,148,24460,164.2702703
24867,328,25195,75.81402439
36620,407,37027,89.97542998
25154,167,25321,150.6227545
36969,383,37352,96.52480418
22995,503,23498,45.71570577
44845,464,45309,96.6487069
36519,268,36787,136.2649254
25997,260,26257,99.98846154
26424,166,26590,159.1807229
28483,492,28975,57.89227642
28860,720,29580,40.08333333
29877,270,30147,110.6555556
25705,352,26057,73.02556818
35299,200,35499,176.495
23984,437,24421,54.88329519
24842,165,25007,150.5575758
27005,225,27230,120.0222222
22965,414,23379,55.47101449
33364,597,33961,55.88609715
36767,371,37138,99.10242588
29778,678,30456,43.92035398
26997,114,27111,236.8157895
26408,291,26699,90.74914089
36550,193,36743,189.3782383
24429,616,25045,39.65746753
23012,280,23292,82.18571429
26356,498,26854,52.92369478
24733,289,25022,85.58131488
24390,279,24669,87.41935484
40878,320,41198,127.74375
28412,744,29156,38.18817204
26512,322,26834,82.33540373
25006,191,25197,130.921466
23637,200,23837,118.185
29423,298,29721,98.73489933
24102,82,24184,293.9268293
24827,295,25122,84.15932203
38083,182,38265,209.2472527
22916,157,23073,145.9617834
30934,221,31155,139.9728507
23465,76,23541,308.75
26688,802,27490,33.27680798
24849,320,25169,77.653125
23873,330,24203,72.34242424
27034,343,27377,78.81632653
27143,459,27602,59.13507625
38152,75,38227,508.6933333
29868,476,30344,62.74789916
33089,82,33171,403.5243902
25077,426,25503,58.86619718
27579,80,27659,344.7375
39836,295,40131,135.0372881
38233,317,38550,120.6088328
41233,465,41698,88.67311828
25038,553,25591,45.27667269
25888,395,26283,65.53924051
40450,189,40639,214.021164
24949,311,25260,80.22186495
23195,230,23425,100.8478261
28302,430,28732,65.81860465
26997,240,27237,112.4875
33642,284,33926,118.4577465
22917,164,23081,139.7378049
25406,433,25839,58.6743649
24362,370,24732,65.84324324
26983,591,27574,45.65651438
45729,432,46161,105.8541667
29818,121,29939,246.4297521
28130,239,28369,117.6987448
25091,380,25471,66.02894737
33264,312,33576,106.6153846
23210,363,23573,63.93939394
45205,489,45694,92.44376278
29044,327,29371,88.81957187
33808,472,34280,71.62711864
25580,151,25731,169.4039735
37080,151,37231,245.5629139
37874,218,38092,173.733945
26331,450,26781,58.51333333
27995,541,28536,51.74676525
24056,63,24119,381.8412698
27012,347,27359,77.8443804
28674,405,29079,70.8
25133,419,25552,59.98329356
27126,147,27273,184.5306122
24898,139,25037,179.1223022
23779,109,23888,218.1559633
23726,202,23928,117.4554455
26498,698,27196,37.96275072
30076,324,30400,92.82716049
23234,265,23499,87.6754717
37885,807,38692,46.94547708
24031,347,24378,69.25360231
26259,234,26493,112.2179487
24709,2401,27110,10.2911287
26677,96,26773,277.8854167
23349,305,23654,76.55409836
37964,261,38225,145.4559387
36223,409,36632,88.56479218
22921,366,23287,62.62568306
25174,308,25482,81.73376623
35926,603,36529,59.5787728
27104,150,27254,180.6933333
23747,338,24085,70.25739645
23702,198,23900,119.7070707
24054,683,24737,35.2181552
27186,197,27383,138
36360,498,36858,73.01204819
26410,147,26557,179.6598639
25118,103,25221,243.8640777
35152,228,35380,154.1754386
24945,560,25505,44.54464286
27563,319,27882,86.40438871
30049,367,30416,81.8773842
24405,394,24799,61.94162437
30994,490,31484,63.25306122
24156,284,24440,85.05633803
26196,627,26823,41.77990431
45371,280,45651,162.0392857
25203,344,25547,73.26453488
27893,224,28117,124.5223214
37095,408,37503,90.91911765
27279,197,27476,138.4720812
23730,199,23929,119.2462312
27856,327,28183,85.18654434
41921,372,42293,112.6908602
27622,473,28095,58.397463
32770,157,32927,208.7261146
31089,269,31358,115.5724907
23453,301,23754,77.91694352
28944,180,29124,160.8
26257,231,26488,113.6666667
34975,387,35362,90.374677
24499,181,24680,135.3535912
44965,127,45092,354.0551181
26658,310,26968,85.99354839
27534,71,27605,387.8028169
24913,706,25619,35.28753541
28927,190,29117,152.2473684
25621,345,25966,74.26376812
28302,711,29013,39.80590717
27682,153,27835,180.9281046
23657,255,23912,92.77254902
31298,735,32033,42.58231293
23905,151,24056,158.3112583
37332,361,37693,103.4127424
24190,195,24385,124.0512821
27626,314,27940,87.98089172
25124,529,25653,47.49338374
30743,453,31196,67.86534216
26107,330,26437,79.11212121
39552,244,39796,162.0983607
24758,470,25228,52.67659574
24314,372,24686,65.36021505
23354,312,23666,74.8525641
29420,254,29674,115.8267717
23649,246,23895,96.13414634
32740,530,33270,61.77358491
22991,280,23271,82.11071429
25476,363,25839,70.18181818
38724,215,38939,180.1116279
32242,812,33054,39.70689655
26236,283,26519,92.70671378
23615,237,23852,99.64135021
27131,437,27568,62.08466819
41638,206,41844,202.1262136
24765,137,24902,180.7664234
30115,314,30429,95.90764331
31676,186,31862,170.3010753
26971,291,27262,92.6838488
27590,327,27917,84.37308869
33656,133,33789,253.0526316
25601,292,25893,87.67465753
31520,440,31960,71.63636364
33778,588,34366,57.44557823
25512,203,25715,125.6748768
31086,465,31551,66.8516129
25732,192,25924,134.0208333
28935,243,29178,119.0740741
26709,435,27144,61.4
41525,567,42092,73.23633157
25658,441,26099,58.1814059
23239,172,23411,135.1104651
45110,533,45643,84.63414634
24418,367,24785,66.53405995
28291,432,28723,65.48842593
27789,308,28097,90.22402597
23915,273,24188,87.6007326
28039,180,28219,155.7722222
25352,320,25672,79.225
42391,407,42798,104.1547912
25635,368,26003,69.66032609
24796,503,25299,49.29622266
23339,293,23632,79.6552901
25354,199,25553,127.4070352
27869,146,28015,190.8835616
34129,414,34543,82.43719807
35033,409,35442,85.65525672
25083,319,25402,78.63009404
23707,122,23829,194.3196721
28646,352,28998,81.38068182
35105,250,35355,140.42
27050,197,27247,137.3096447
30873,602,31475,51.28405316
34896,96,34992,363.5
27548,398,27946,69.2160804
31992,518,32510,61.76061776
39291,606,39897,64.83663366
27526,361,27887,76.24930748
33762,557,34319,60.61400359
43738,570,44308,76.73333333
24695,321,25016,76.93146417
29195,407,29602,71.73218673
29719,929,30648,31.99031216
28853,499,29352,57.82164329
32001,453,32454,70.64238411
23159,629,23788,36.81875994
43644,428,44072,101.9719626
38755,222,38977,174.5720721
32426,403,32829,80.46153846
33076,375,33451,88.20266667
42063,143,42206,294.1468531
23435,425,23860,55.14117647
39897,787,40684,50.69504447
26856,390,27246,68.86153846
24284,443,24727,54.81715576
42114,550,42664,76.57090909
25630,128,25758,200.234375
30687,456,31143,67.29605263
38394,624,39018,61.52884615
33535,405,33940,82.80246914
25218,175,25393,144.1028571
25860,456,26316,56.71052632
24816,228,25044,108.8421053
34082,404,34486,84.36138614
30588,265,30853,115.4264151
23983,204,24187,117.5637255
36925,670,37595,55.1119403
23514,484,23998,48.58264463
28378,217,28595,130.7741935
24191,454,24645,53.28414097
36782,261,37043,140.9272031
27070,347,27417,78.01152738
24151,163,24314,148.1656442
24703,468,25171,52.78418803
26043,381,26424,68.35433071
25213,199,25412,126.6984925
23796,316,24112,75.30379747
23097,200,23297,115.485
25779,370,26149,69.67297297
32156,411,32567,78.23844282
26267,381,26648,68.94225722
35540,322,35862,110.3726708
29443,267,29710,110.2734082
39439,123,39562,320.6422764
37693,71,37764,530.8873239
45395,175,45570,259.4
28684,279,28963,102.8100358
29695,514,30209,57.77237354
24879,200,25079,124.395
23295,233,23528,99.97854077
25924,114,26038,227.4035088
31173,231,31404,134.9480519
23722,691,24413,34.32995658
28495,351,28846,81.18233618
30672,206,30878,148.8932039
25711,464,26175,55.41163793
30588,713,31301,42.90042076
28793,394,29187,73.0786802
26890,118,27008,227.8813559
23852,628,24480,37.98089172
22972,483,23455,47.5610766
35115,116,35231,302.7155172
36630,184,36814,199.076087
32441,75,32516,432.5466667
23990,1707,25697,14.05389572
28883,850,29733,33.98
24406,317,24723,76.99053628
30254,94,30348,321.8510638
23816,391,24207,60.91048593
39589,145,39734,273.0275862
25140,423,25563,59.43262411
30392,562,30954,54.07829181
35998,642,36640,56.07165109
29637,492,30129,60.23780488
33638,93,33731,361.6989247
29618,618,30236,47.92556634
24002,294,24296,81.63945578
24114,138,24252,174.7391304
25510,255,25765,100.0392157
33595,501,34096,67.05588822
25014,306,25320,81.74509804
24166,801,24967,30.16978777
24613,137,24750,179.6569343
33273,417,33690,79.79136691
32586,277,32863,117.6389892
30654,417,31071,73.51079137
23453,195,23648,120.2717949
31826,293,32119,108.6211604
25039,440,25479,56.90681818
24070,334,24404,72.06586826
23469,270,23739,86.92222222
24898,482,25380,51.65560166
24555,322,24877,76.25776398
32156,169,32325,190.2721893
29473,108,29581,272.8981481
39429,507,39936,77.76923077
43674,490,44164,89.13061224
29244,339,29583,86.26548673
26467,210,26677,126.0333333
38480,283,38763,135.9717314
26287,180,26467,146.0388889
28566,306,28872,93.35294118
42876,239,43115,179.3974895
29399,491,29890,59.87576375
23687,504,24191,46.99801587
26479,408,26887,64.8995098
25627,531,26158,48.26177024
24209,569,24778,42.54657293
39402,168,39570,234.5357143
37240,258,37498,144.3410853
26015,129,26144,201.6666667
23211,195,23406,119.0307692
25613,237,25850,108.07173
29901,178,30079,167.9831461
22940,285,23225,80.49122807
27306,350,27656,78.01714286
23699,2179,25878,10.87608995
25426,211,25637,120.5023697
24023,304,24327,79.02302632
24156,507,24663,47.64497041
23149,469,23618,49.35820896
30755,110,30865,279.5909091
28520,569,29089,50.12302285
39840,345,40185,115.4782609
26158,302,26460,86.61589404
23890,386,24276,61.89119171
33890,319,34209,106.2382445
31577,677,32254,46.64254062
25578,335,25913,76.35223881
30132,268,30400,112.4328358
27160,421,27581,64.51306413
34587,247,34834,140.0283401
23330,327,23657,71.34556575
27076,608,27684,44.53289474
30365,350,30715,86.75714286
27035,259,27294,104.3822394
30628,336,30964,91.1547619
24335,204,24539,119.2892157
32718,437,33155,74.86956522
35498,1010,36508,35.14653465
35357,393,35750,89.96692112
23815,214,24029,111.2850467
27406,288,27694,95.15972222
31744,342,32086,92.81871345
27401,404,27805,67.82425743
33477,474,33951,70.62658228
43162,331,43493,130.3987915
23927,288,24215,83.07986111
23513,447,23960,52.60178971
30626,285,30911,107.4596491
35523,235,35758,151.1617021
26713,484,27197,55.19214876
25491,410,25901,62.17317073
44615,45,44660,991.4444444
33290,675,33965,49.31851852
25770,335,26105,76.92537313
23856,188,24044,126.893617
25277,543,25820,46.55064457
36909,618,37527,59.72330097
28061,274,28335,102.4124088
25106,231,25337,108.6839827
29048,388,29436,74.86597938
28369,293,28662,96.8225256
29541,79,29620,373.9367089
23868,224,24092,106.5535714
33446,205,33651,163.1512195
23711,191,23902,124.1413613
42283,235,42518,179.9276596
24855,240,25095,103.5625
24376,200,24576,121.88
43022,253,43275,170.0474308
27490,565,28055,48.65486726
35202,243,35445,144.8641975
42040,171,42211,245.8479532
24676,395,25071,62.47088608
25205,230,25435,109.5869565
23386,336,23722,69.60119048
24905,208,25113,119.7355769
23809,298,24107,79.89597315
29945,453,30398,66.10375276
45138,309,45447,146.0776699
26111,300,26411,87.03666667
24519,206,24725,119.0242718
27006,364,27370,74.19230769
25713,407,26120,63.17690418
27239,178,27417,153.0280899
23000,380,23380,60.52631579
31435,397,31832,79.1813602
29063,152,29215,191.2039474
23676,536,24212,44.17164179
32631,432,33063,75.53472222
33787,514,34301,65.73346304
25856,855,26711,30.24093567
42967,592,43559,72.57939189
23247,271,23518,85.78228782
24713,174,24887,142.0287356
36617,361,36978,101.432133
34124,213,34337,160.2065728
33004,318,33322,103.7861635
23385,407,23792,57.45700246
26082,325,26407,80.25230769
30481,549,31030,55.52094718
23624,188,23812,125.6595745
38550,177,38727,217.7966102
23492,252,23744,93.22222222
27413,404,27817,67.8539604
37410,521,37931,71.80422265
25744,403,26147,63.8808933
29866,729,30595,40.96844993
23435,204,23639,114.877451
43821,516,44337,84.9244186
32199,117,32316,275.2051282
30464,261,30725,116.7203065
26122,409,26531,63.86797066
27458,414,27872,66.3236715
24173,378,24551,63.94973545
27645,382,28027,72.36910995
25299,103,25402,245.6213592
25732,229,25961,112.3668122
45440,363,45803,125.1790634
28365,576,28941,49.24479167
28535,438,28973,65.14840183
24409,134,24543,182.1567164
38603,508,39111,75.99015748
29675,109,29784,272.2477064
37862,317,38179,119.4384858
25250,245,25495,103.0612245
23208,378,23586,61.3968254
26804,284,27088,94.38028169
23380,475,23855,49.22105263
27413,593,28006,46.22765599
23251,202,23453,115.1039604
25074,430,25504,58.31162791
24019,611,24630,39.31096563
35336,503,35839,70.25049702
39889,218,40107,182.9770642
24900,391,25291,63.68286445
31376,440,31816,71.30909091
26800,242,27042,110.7438017
24639,170,24809,144.9352941
29396,411,29807,71.52311436
41121,543,41664,75.72928177
23895,358,24253,66.74581006
25138,373,25511,67.39410188
24709,251,24960,98.44223108
29629,275,29904,107.7418182
36809,324,37133,113.6080247
24929,459,25388,54.31154684
32626,520,33146,62.74230769
31197,598,31795,52.16889632
44930,292,45222,153.869863
38632,652,39284,59.25153374
37017,168,37185,220.3392857
34797,96,34893,362.46875
27863,248,28111,112.3508065
23836,223,24059,106.8878924
36980,654,37634,56.54434251
24993,129,25122,193.744186
24379,157,24536,155.2802548
24482,309,24791,79.22977346
25974,612,26586,42.44117647
26321,560,26881,47.00178571
24232,460,24692,52.67826087
24568,248,24816,99.06451613
32546,312,32858,104.3141026
27955,495,28450,56.47474747
23701,406,24107,58.37684729
34697,236,34933,147.0211864
39147,126,39273,310.6904762
30718,260,30978,118.1461538
30267,242,30509,125.0702479
31267,330,31597,94.74848485
38167,340,38507,112.2558824
30583,177,30760,172.7853107
25566,148,25714,172.7432432
41903,723,42626,57.9571231
24479,819,25298,29.88888889
25456,670,26126,37.99402985
35343,531,35874,66.55932203
32251,276,32527,116.8514493
29988,148,30136,202.6216216
25817,431,26248,59.90023202
26727,798,27525,33.4924812
23035,313,23348,73.5942492
41650,275,41925,151.4545455
23024,229,23253,100.5414847
29881,429,30310,69.65268065
23186,377,23563,61.50132626
29591,132,29723,224.1742424
25980,987,26967,26.32218845
28267,277,28544,102.0469314
35904,641,36545,56.0124805
30420,331,30751,91.90332326
32254,259,32513,124.5328185
31819,229,32048,138.9475983
35301,65,35366,543.0923077
27860,577,28437,48.28422877
25717,527,26244,48.79886148
25122,800,25922,31.4025
24462,310,24772,78.90967742
25088,227,25315,110.5198238
24229,443,24672,54.69300226
24781,134,24915,184.9328358
23598,186,23784,126.8709677
30776,249,31025,123.5983936
26076,78,26154,334.3076923
27726,514,28240,53.94163424
29754,144,29898,206.625
33303,470,33773,70.85744681
30178,533,30711,56.61913696
30431,202,30633,150.6485149
26271,438,26709,59.97945205
26058,452,26510,57.65044248
24910,537,25447,46.38733706
27507,450,27957,61.12666667
27402,213,27615,128.6478873
31254,542,31796,57.66420664
35079,264,35343,132.875
38721,390,39111,99.28461538
24104,262,24366,92
23260,337,23597,69.02077151
26557,173,26730,153.5086705
25180,102,25282,246.8627451
35566,138,35704,257.7246377
40907,100,41007,409.07
24720,210,24930,117.7142857
25865,272,26137,95.09191176
24692,139,24831,177.6402878
29134,325,29459,89.64307692
33117,845,33962,39.19171598
24815,364,25179,68.17307692
24153,320,24473,75.478125
23246,610,23856,38.10819672
27506,528,28034,52.09469697
23524,267,23791,88.10486891
28797,407,29204,70.75429975
23843,168,24011,141.922619
35108,522,35630,67.25670498
24510,2160,26670,11.34722222
27074,338,27412,80.10059172
29752,509,30261,58.4518664
32828,333,33161,98.58258258
39052,544,39596,71.78676471
27184,116,27300,234.3448276
23543,283,23826,83.19081272
25537,254,25791,100.5393701
23831,596,24427,39.98489933
25273,231,25504,109.4069264
28842,395,29237,73.01772152
35325,402,35727,87.87313433
25156,155,25311,162.2967742
26576,456,27032,58.28070175
28151,398,28549,70.73115578
27383,162,27545,169.0308642
25713,553,26266,46.49728752
23360,181,23541,129.0607735
32373,113,32486,286.4867257
25207,92,25299,273.9891304
24263,492,24755,49.31504065
23130,460,23590,50.2826087
23866,301,24167,79.28903654
25094,436,25530,57.55504587
25526,127,25653,200.992126
23336,167,23503,139.7365269
44172,455,44627,97.08131868
23916,430,24346,55.61860465
23741,259,24000,91.66409266
23784,109,23893,218.2018349
23027,262,23289,87.88931298
26229,459,26688,57.14379085
25619,149,25768,171.9395973
40971,205,41176,199.8585366
22988,237,23225,96.99578059
22960,492,23452,46.66666667
27011,333,27344,81.11411411
27756,360,28116,77.1
24876,171,25047,145.4736842
24862,388,25250,64.07731959
40554,258,40812,157.1860465
32239,6053,38292,5.32611928
24560,560,25120,43.85714286
23914,491,24405,48.70468432
37439,475,37914,78.81894737
36553,156,36709,234.3141026
23840,347,24187,68.70317003
36080,503,36583,71.72962227
24826,405,25231,61.29876543
44114,170,44284,259.4941176
26139,419,26558,62.38424821
39213,404,39617,97.06188119
34997,334,35331,104.7814371
33279,209,33488,159.2296651
26769,605,27374,44.24628099
37458,352,37810,106.4147727
43914,105,44019,418.2285714
39059,94,39153,415.5212766
24162,219,24381,110.3287671
35035,341,35376,102.7419355
32943,318,33261,103.5943396
28689,127,28816,225.8976378
24088,359,24447,67.09749304
24341,231,24572,105.3722944
27873,443,28316,62.91873589
25926,459,26385,56.48366013
24732,211,24943,117.2132701
28087,307,28394,91.48859935
45639,722,46361,63.21191136
29644,128,29772,231.59375
24612,161,24773,152.8695652
27888,408,28296,68.35294118
25546,358,25904,71.3575419
28364,313,28677,90.61980831
25993,353,26346,73.63456091
25334,491,25825,51.59674134
39394,686,40080,57.42565598
26778,376,27154,71.21808511
36489,381,36870,95.77165354
28142,103,28245,273.223301
25416,553,25969,45.960217
28451,346,28797,82.2283237
31856,401,32257,79.44139651
23378,513,23891,45.5711501
26470,201,26671,131.6915423
44625,208,44833,214.5432692
23260,375,23635,62.02666667
27691,91,27782,304.2967033
40527,298,40825,135.9966443
24860,238,25098,104.4537815
27145,228,27373,119.0570175
30392,476,30868,63.8487395
26015,409,26424,63.60635697
27547,120,27667,229.5583333
30386,536,30922,56.69029851
27345,380,27725,71.96052632
40730,236,40966,172.5847458
25780,224,26004,115.0892857
31669,137,31806,231.1605839
23766,384,24150,61.890625
24955,201,25156,124.1542289
23449,507,23956,46.2504931
29741,271,30012,109.7453875
26777,297,27074,90.15824916
23840,144,23984,165.5555556
23322,51,23373,457.2941176
36671,353,37024,103.8838527
24382,389,24771,62.67866324
25762,370,26132,69.62702703
31667,5712,37379,5.543942577
24389,209,24598,116.6937799
27398,341,27739,80.34604106
26504,188,26692,140.9787234
32829,735,33564,44.66530612
23798,179,23977,132.9497207
32524,70,32594,464.6285714
37256,218,37474,170.8990826
23094,588,23682,39.2755102
27205,534,27739,50.94569288
29376,243,29619,120.8888889
25536,288,25824,88.66666667
23359,220,23579,106.1772727
45819,359,46178,127.6295265
29906,140,30046,213.6142857
24244,158,24402,153.443038
38214,270,38484,141.5333333
28369,395,28764,71.82025316
22957,318,23275,72.1918239
23047,485,23532,47.51958763
40606,3009,43615,13.49484879
26465,420,26885,63.01190476
26980,436,27416,61.88073394
29795,510,30305,58.42156863
24994,420,25414,59.50952381
25305,172,25477,147.122093
34088,263,34351,129.6121673
28943,509,29452,56.86247544
26305,153,26458,171.9281046
31614,491,32105,64.38696538
31573,196,31769,161.0867347
26747,399,27146,67.03508772
23761,422,24183,56.3056872
23557,346,23903,68.08381503
22947,482,23429,47.60788382
27554,423,27977,65.13947991
26450,465,26915,56.88172043
23854,599,24453,39.8230384
23915,454,24369,52.67621145
34743,170,34913,204.3705882
45234,745,45979,60.71677852
24402,370,24772,65.95135135
32917,173,33090,190.2716763
30243,559,30802,54.1019678
27217,312,27529,87.23397436
27748,341,28089,81.37243402
22931,195,23126,117.5948718
26618,158,26776,168.4683544
30106,399,30505,75.45363409
37214,205,37419,181.5317073
25468,361,25829,70.54847645
27460,174,27634,157.816092
24551,87,24638,282.1954023
25573,271,25844,94.36531365
27059,394,27453,68.67766497
27120,232,27352,116.8965517
25330,451,25781,56.16407982
26946,416,27362,64.77403846
28228,90,28318,313.6444444
33609,315,33924,106.6952381
24819,463,25282,53.60475162
25719,273,25992,94.20879121
23238,270,23508,86.06666667
29460,313,29773,94.12140575
29837,265,30102,112.5924528
28044,377,28421,74.3872679
28171,128,28299,220.0859375
24940,526,25466,47.41444867
26696,203,26899,131.5073892
41512,188,41700,220.8085106
24213,510,24723,47.47647059
33034,214,33248,154.364486
26655,407,27062,65.49140049
24852,424,25276,58.61320755
43042,599,43641,71.85642738
29377,501,29878,58.63672655
25873,501,26374,51.64271457
33315,282,33597,118.1382979
37472,515,37987,72.76116505
27813,555,28368,50.11351351
25986,183,26169,142
30684,162,30846,189.4074074
33068,572,33640,57.81118881
31841,337,32178,94.48367953
39904,526,40430,75.86311787
29115,108,29223,269.5833333
40066,596,40662,67.22483221
43198,558,43756,77.41577061
25480,111,25591,229.5495495
28247,408,28655,69.23284314
31219,398,31617,78.43969849
28058,165,28223,170.0484848
29796,219,30015,136.0547945
30971,958,31929,32.32881002
24398,260,24658,93.83846154
27182,311,27493,87.40192926
28923,329,29252,87.9118541
23364,443,23807,52.74040632
27618,414,28032,66.71014493
24127,238,24365,101.3739496
39034,865,39899,45.12601156
25250,456,25706,55.37280702
27662,495,28157,55.88282828
27248,282,27530,96.62411348
28317,933,29250,30.35048232
35162,351,35513,100.1766382
37285,388,37673,96.09536082
27652,179,27831,154.4804469
30329,982,31311,30.88492872
31377,420,31797,74.70714286
28994,155,29149,187.0580645
23676,134,23810,176.6865672
24108,146,24254,165.1232877
42405,414,42819,102.4275362
25493,348,25841,73.25574713
33197,92,33289,360.8369565
31354,317,31671,98.90851735
28742,74,28816,388.4054054
25560,397,25957,64.38287154
42785,311,43096,137.5723473
24462,233,24695,104.9871245
25616,235,25851,109.0042553
34965,501,35466,69.79041916
27119,304,27423,89.20723684
26688,132,26820,202.1818182
27024,683,27707,39.56661786
29784,466,30250,63.91416309
25639,35,25674,732.5428571
25358,404,25762,62.76732673
25587,72,25659,355.375
27859,140,27999,198.9928571
31302,364,31666,85.99450549
22914,145,23059,158.0275862
32994,160,33154,206.2125
31520,375,31895,84.05333333
40557,145,40702,279.7034483
24027,436,24463,55.10779817
23527,368,23895,63.93206522
27907,327,28234,85.34250765
28276,278,28554,101.7122302
23198,351,23549,66.09116809
44199,241,44440,183.3983402
25006,293,25299,85.3447099
23423,184,23607,127.298913
30281,328,30609,92.32012195
24969,190,25159,131.4157895
23792,1863,25655,12.77079979
26293,171,26464,153.7602339
31066,389,31455,79.86118252
26403,236,26639,111.8771186
28600,535,29135,53.45794393
37840,535,38375,70.72897196
25540,254,25794,100.5511811
30835,284,31119,108.5739437
30060,528,30588,56.93181818
38479,366,38845,105.1338798
39336,87,39423,452.137931
27843,481,28324,57.88565489
26826,523,27349,51.29254302
27642,285,27927,96.98947368
34089,461,34550,73.94577007
26958,287,27245,93.93031359
23067,397,23464,58.10327456
27610,152,27762,181.6447368
24714,427,25141,57.87822014
34295,63,34358,544.3650794
24951,591,25542,42.21827411
35584,238,35822,149.512605
28391,550,28941,51.62
26080,233,26313,111.9313305
26610,472,27082,56.37711864
24668,655,25323,37.6610687
26746,288,27034,92.86805556
25791,247,26038,104.417004
24522,185,24707,132.5513514
31671,315,31986,100.5428571
44729,107,44836,418.0280374
28853,441,29294,65.42630385
33730,204,33934,165.3431373
42734,114,42848,374.8596491
35664,202,35866,176.5544554
24406,281,24687,86.85409253
31224,317,31541,98.49842271
30237,267,30504,113.247191
23553,608,24161,38.73848684
24545,345,24890,71.14492754
27393,214,27607,128.0046729
24058,141,24199,170.6241135
23091,696,23787,33.17672414
25711,222,25933,115.8153153
23245,597,23842,38.93634841
28665,380,29045,75.43421053
24278,310,24588,78.31612903
29230,249,29479,117.3895582
37622,716,38338,52.54469274
23748,93,23841,255.3548387
23943,269,24212,89.00743494
23851,397,24248,60.07808564
30892,354,31246,87.26553672
31847,83,31930,383.6987952
28155,432,28587,65.17361111
23544,157,23701,149.9617834
31805,310,32115,102.5967742
23580,908,24488,25.969163
31337,270,31607,116.062963
28803,173,28976,166.4913295
29253,118,29371,247.9067797
33607,338,33945,99.42899408
28710,331,29041,86.73716012
31939,580,32519,55.06724138
23594,381,23975,61.92650919
24747,297,25044,83.32323232
26733,383,27116,69.79895561
30204,119,30323,253.8151261
32596,253,32849,128.8379447
35030,170,35200,206.0588235
26450,755,27205,35.03311258
23381,266,23647,87.89849624
30176,486,30662,62.09053498
32946,669,33615,49.24663677
27168,340,27508,79.90588235
29061,408,29469,71.22794118
34443,499,34942,69.0240481
29482,901,30383,32.72142064
28135,214,28349,131.4719626
27227,563,27790,48.36056838
41512,3859,45371,10.75719098
24083,47,24130,512.4042553
31354,324,31678,96.77160494
31225,896,32121,34.84933036
26199,182,26381,143.9505495
23408,309,23717,75.75404531
39518,534,40052,74.00374532
27137,425,27562,63.85176471
26988,348,27336,77.55172414
28587,430,29017,66.48139535
27825,329,28154,84.57446809
31489,339,31828,92.8879056
32043,417,32460,76.84172662
25534,490,26024,52.11020408
34109,224,34333,152.2723214
23414,5380,28794,4.35204461
23472,648,24120,36.22222222
32561,555,33116,58.66846847
25733,234,25967,109.9700855
31804,113,31917,281.4513274
39280,139,39419,282.5899281
42981,94,43075,457.2446809
25503,178,25681,143.2752809
30192,671,30863,44.99552906
34831,162,34993,215.0061728
30560,533,31093,57.3358349
24836,187,25023,132.8128342
25095,338,25433,74.24556213
32957,518,33475,63.62355212
37720,109,37829,346.0550459
25556,220,25776,116.1636364
30726,384,31110,80.015625
25327,378,25705,67.0026455
25566,69,25635,370.5217391
23004,476,23480,48.32773109
23705,461,24166,51.4208243
34374,172,34546,199.8488372
31856,436,32292,73.06422018
28229,154,28383,183.3051948
29605,265,29870,111.7169811
31239,274,31513,114.0109489
26862,167,27029,160.8502994
32493,546,33039,59.51098901
33914,78,33992,434.7948718
23806,369,24175,64.51490515
26829,353,27182,76.00283286
35799,203,36002,176.3497537
24363,188,24551,129.5904255
27740,483,28223,57.43271222
30436,400,30836,76.09
36394,296,36690,122.9527027
24568,192,24760,127.9583333
29445,179,29624,164.4972067
38240,474,38714,80.67510549
26406,324,26730,81.5
29256,324,29580,90.2962963
24427,348,24775,70.19252874
35758,241,35999,148.373444
32189,512,32701,62.86914063
24225,399,24624,60.71428571
28979,71,29050,408.1549296
25491,617,26108,41.31442464
33357,473,33830,70.52219873
23143,339,23482,68.26843658
26663,465,27128,57.33978495
27013,257,27270,105.1089494
27880,300,28180,92.93333333
25075,437,25512,57.3798627
29847,82,29929,363.9878049
32043,286,32329,112.0384615
24819,200,25019,124.095
29385,213,29598,137.9577465
27187,380,27567,71.54473684
31295,294,31589,106.4455782
24462,490,24952,49.92244898
30148,200,30348,150.74
25526,123,25649,207.5284553
34912,371,35283,94.10242588
23700,397,24097,59.697733
27086,93,27179,291.2473118
28867,510,29377,56.60196078
24252,288,24540,84.20833333
25978,279,26257,93.11111111
34585,244,34829,141.7418033
38752,193,38945,200.7875648
34606,155,34761,223.2645161
24688,183,24871,134.9071038
23219,201,23420,115.5174129
26010,564,26574,46.11702128
30383,174,30557,174.6149425
24304,702,25006,34.62108262
28071,420,28491,66.83571429
25575,333,25908,76.8018018
24725,442,25167,55.93891403
38162,418,38580,91.29665072
37333,172,37505,217.0523256
30264,506,30770,59.81027668
23352,346,23698,67.49132948
40254,325,40579,123.8584615
27142,196,27338,138.4795918
41811,97,41908,431.0412371
24171,663,24834,36.45701357
24756,228,24984,108.5789474
32515,412,32927,78.91990291
28915,442,29357,65.41855204
32263,235,32498,137.2893617
24363,354,24717,68.8220339
24137,295,24432,81.82033898
25356,415,25771,61.09879518
30969,330,31299,93.84545455
23409,244,23653,95.93852459
23967,234,24201,102.4230769
24288,98,24386,247.8367347
31939,267,32206,119.6217228
23625,712,24337,33.18117978
25626,458,26084,55.95196507
41259,462,41721,89.30519481
25896,662,26558,39.11782477
25628,475,26103,53.95368421
22922,344,23266,66.63372093
31741,291,32032,109.0756014
24252,522,24774,46.45977011
26085,103,26188,253.2524272
25790,143,25933,180.3496503
23781,218,23999,109.087156
28332,246,28578,115.1707317
23624,349,23973,67.69054441
25134,162,25296,155.1481481
30757,440,31197,69.90227273
28633,371,29004,77.17789757
29884,504,30388,59.29365079
29777,323,30100,92.18885449
31203,254,31457,122.8464567
24623,296,24919,83.18581081
29497,185,29682,159.4432432
24299,602,24901,40.36378738
23825,479,24304,49.73903967
31087,568,31655,54.7306338
26517,487,27004,54.44969199
29870,183,30053,163.2240437
26082,400,26482,65.205
34984,186,35170,188.0860215
25464,561,26025,45.39037433
25093,476,25569,52.71638655
35243,145,35388,243.0551724
23174,410,23584,56.52195122
30684,393,31077,78.07633588
30135,278,30413,108.3992806
27719,233,27952,118.9656652
35312,116,35428,304.4137931
25910,124,26034,208.9516129
35818,372,36190,96.28494624
24223,194,24417,124.8608247
26694,410,27104,65.10731707
29959,343,30302,87.34402332
32958,421,33379,78.28503563
36328,232,36560,156.5862069
26232,80,26312,327.9
35391,127,35518,278.6692913
36144,114,36258,317.0526316
39876,294,40170,135.6326531
27385,304,27689,90.08223684
35194,450,35644,78.20888889
31777,242,32019,131.3099174
24305,276,24581,88.0615942
40025,635,40660,63.03149606
35125,213,35338,164.9061033
25381,184,25565,137.9402174
29116,260,29376,111.9846154
24411,244,24655,100.045082
27087,557,27644,48.63016158
37037,131,37168,282.7251908
23564,632,24196,37.28481013
27249,168,27417,162.1964286
25963,321,26284,80.88161994
32667,296,32963,110.3614865
25417,344,25761,73.88662791
23960,184,24144,130.2173913
25315,97,25412,260.9793814
36112,496,36608,72.80645161
32096,257,32353,124.8871595
23020,499,23519,46.13226453
22930,225,23155,101.9111111
40064,746,40810,53.70509383
23421,210,23631,111.5285714
31908,490,32398,65.11836735
37627,309,37936,121.7702265
28688,143,28831,200.6153846
24395,285,24680,85.59649123
23253,229,23482,101.5414847
24975,380,25355,65.72368421
25728,322,26050,79.90062112
39513,286,39799,138.1573427
25472,439,25911,58.02277904
25924,231,26155,112.2251082
40659,496,41155,81.97379032
25134,411,25545,61.15328467
31481,579,32060,54.37132988
32601,260,32861,125.3884615
38602,405,39007,95.31358025
28911,302,29213,95.73178808
33290,706,33996,47.1529745
41205,372,41577,110.766129
31926,482,32408,66.23651452
22996,280,23276,82.12857143
23671,254,23925,93.19291339
26953,631,27584,42.71473851
28333,328,28661,86.38109756
23901,537,24438,44.50837989
23669,50,23719,473.38
38404,303,38707,126.7458746
23759,299,24058,79.46153846
24207,273,24480,88.67032967
27022,602,27624,44.88704319
28357,503,28860,56.37574553
30459,387,30846,78.70542636
28959,597,29556,48.50753769
22918,346,23264,66.23699422
23406,357,23763,65.56302521
25773,332,26105,77.62951807
24634,645,25279,38.19224806
26741,560,27301,47.75178571
34483,466,34949,73.99785408
36610,556,37166,65.84532374
42261,386,42647,109.484456
43559,638,44197,68.27429467
29950,588,30538,50.93537415
31764,694,32458,45.76945245
29046,845,29891,34.3739645
41357,490,41847,84.40204082
35153,1032,36185,34.0629845
28274,461,28735,61.3318872
24008,263,24271,91.2851711
23955,60,24015,399.25
22987,120,23107,191.5583333
25810,70,25880,368.7142857
23933,274,24207,87.34671533
24858,312,25170,79.67307692
24820,413,25233,60.0968523
31524,24,31548,1313.5
33313,420,33733,79.31666667
28017,280,28297,100.0607143
26191,177,26368,147.9717514
29951,223,30174,134.309417
25459,226,25685,112.6504425
24797,338,25135,73.36390533
38187,325,38512,117.4984615
30618,449,31067,68.19153675
23446,2910,26356,8.057044674
31350,594,31944,52.77777778
25787,154,25941,167.4480519
26024,334,26358,77.91616766
24217,199,24416,121.6934673
30397,399,30796,76.18295739
26556,397,26953,66.89168766
30835,259,31094,119.0540541
23198,485,23683,47.83092784
23420,128,23548,182.96875
25973,389,26362,66.76863753
24677,404,25081,61.08168317
38795,382,39177,101.5575916
27580,410,27990,67.26829268
31907,170,32077,187.6882353
24714,482,25196,51.27385892
25109,325,25434,77.25846154
29931,396,30327,75.58333333
29457,282,29739,104.4574468
30074,375,30449,80.19733333
29811,281,30092,106.088968
22946,255,23201,89.98431373
30161,188,30349,160.4308511
24464,439,24903,55.72665148
36123,224,36347,161.2633929
23198,196,23394,118.3571429
30420,300,30720,101.4
30021,428,30449,70.14252336
37346,276,37622,135.3115942
24286,266,24552,91.30075188
26068,366,26434,71.22404372
34180,189,34369,180.8465608
25752,505,26257,50.99405941
33171,276,33447,120.1847826
33599,303,33902,110.8877888
29713,514,30227,57.807393
24458,318,24776,76.91194969
39171,313,39484,125.1469649
25899,151,26050,171.5165563
26240,246,26486,106.6666667
36669,483,37152,75.91925466
28265,393,28658,71.92111959
39965,237,40202,168.628692
26605,167,26772,159.3113772
25421,308,25729,82.53571429
27123,270,27393,100.4555556
29971,728,30699,41.16895604
26480,712,27192,37.19101124
27513,227,27740,121.2026432
24300,206,24506,117.961165
23206,224,23430,103.5982143
34906,234,35140,149.1709402
24588,299,24887,82.23411371
27394,475,27869,57.67157895
29708,239,29947,124.3012552
40151,326,40477,123.1625767
25729,153,25882,168.1633987
23255,84,23339,276.8452381
40614,348,40962,116.7068966
32427,356,32783,91.08707865
24910,448,25358,55.60267857
34259,364,34623,94.11813187
27506,624,28130,44.08012821
25897,533,26430,48.58724203
27119,282,27401,96.16666667
38663,194,38857,199.2938144
25016,265,25281,94.4
33387,328,33715,101.7896341
30168,3185,33353,9.471899529
27103,121,27224,223.9917355
23403,285,23688,82.11578947
27968,311,28279,89.92926045
23522,170,23692,138.3647059
25209,419,25628,60.1646778
43614,355,43969,122.856338
26341,83,26424,317.3614458
26920,522,27442,51.57088123
26746,108,26854,247.6481481
23004,91,23095,252.7912088
24810,202,25012,122.8217822
27560,398,27958,69.24623116
45244,400,45644,113.11
30301,455,30756,66.5956044
41879,459,42338,91.23965142
29496,506,30002,58.29249012
24450,368,24818,66.44021739
37444,343,37787,109.1661808
33882,170,34052,199.3058824
26605,401,27006,66.34663342
23597,142,23739,166.1760563
29349,251,29600,116.9282869
23924,223,24147,107.2825112
31272,369,31641,84.74796748
25057,437,25494,57.33867277
24310,139,24449,174.8920863
30254,505,30759,59.90891089
40163,214,40377,187.6775701
25788,359,26147,71.83286908
39407,129,39536,305.4806202
30610,758,31368,40.38258575
32954,162,33116,203.4197531
28508,447,28955,63.77628635
26544,400,26944,66.36
33882,166,34048,204.1084337
23865,140,24005,170.4642857
22922,167,23089,137.257485
30174,300,30474,100.58
34983,449,35432,77.91314031
23414,68,23482,344.3235294
45699,234,45933,195.2948718
27705,3652,31357,7.586254107
25980,86,26066,302.0930233
23728,216,23944,109.8518519
41200,333,41533,123.7237237
31396,463,31859,67.80993521
25662,421,26083,60.95486936
35412,654,36066,54.14678899
29750,513,30263,57.99220273
37255,410,37665,90.86585366
23970,319,24289,75.14106583
31566,174,31740,181.4137931
26505,247,26752,107.3076923
29583,331,29914,89.37462236
23838,455,24293,52.39120879
24962,132,25094,189.1060606
27365,457,27822,59.87964989
35806,592,36398,60.48310811
22924,412,23336,55.6407767
30611,503,31114,60.85685885
26686,187,26873,142.7058824
27337,351,27688,77.88319088
23075,185,23260,124.7297297
29467,176,29643,167.4261364
40359,194,40553,208.0360825
24060,476,24536,50.54621849
43149,215,43364,200.6930233
23761,298,24059,79.73489933
44171,279,44450,158.3189964
26022,225,26247,115.6533333
25462,329,25791,77.39209726
29501,350,29851,84.28857143
40125,272,40397,147.5183824
26707,291,26998,91.7766323
40746,438,41184,93.02739726
29387,213,29600,137.9671362
44625,111,44736,402.027027
33371,321,33692,103.9595016
24529,221,24750,110.9909502
30405,72,30477,422.2916667
28748,114,28862,252.1754386
34791,153,34944,227.3921569
28121,142,28263,198.0352113
33791,370,34161,91.32702703
23729,485,24214,48.9257732
24295,259,24554,93.8030888
29307,296,29603,99.01013514
32073,559,32632,57.37567084
30620,168,30788,182.2619048
29907,581,30488,51.47504303
24658,284,24942,86.82394366
29425,735,30160,40.03401361
44900,630,45530,71.26984127
34512,214,34726,161.271028
28179,543,28722,51.89502762
27499,566,28065,48.58480565
40957,325,41282,126.0215385
25188,240,25428,104.95
37667,165,37832,228.2848485
38084,309,38393,123.2491909
24059,543,24602,44.30755064
38926,257,39183,151.463035
23182,662,23844,35.01812689
35227,138,35365,255.2681159
30523,382,30905,79.90314136
30968,233,31201,132.9098712
35166,291,35457,120.8453608
40107,421,40528,95.26603325
23531,27,23558,871.5185185
23317,637,23954,36.6043956
22924,281,23205,81.58007117
23569,483,24052,48.79710145
27495,401,27896,68.56608479
25815,3329,29144,7.754580955
27528,462,27990,59.58441558
36967,169,37136,218.739645
36325,480,36805,75.67708333
41143,292,41435,140.9006849
28818,314,29132,91.77707006
24856,405,25261,61.37283951
24873,464,25337,53.60560345
23762,52,23814,456.9615385
25164,436,25600,57.71559633
31103,475,31578,65.48
28072,119,28191,235.8991597
33399,236,33635,141.5211864
23243,579,23822,40.1433506
31639,485,32124,65.23505155
24377,139,24516,175.3741007
24144,458,24602,52.71615721
23493,193,23686,121.7253886
23298,671,23969,34.72131148
25162,406,25568,61.97536946
23911,336,24247,71.16369048
25155,272,25427,92.48161765
35377,96,35473,368.5104167
29250,148,29398,197.6351351
30774,386,31160,79.7253886
23819,306,24125,77.83986928
43718,630,44348,69.39365079
28790,522,29312,55.1532567
25588,418,26006,61.215311
24543,531,25074,46.22033898
28317,301,28618,94.07641196
27713,224,27937,123.71875
29351,403,29754,72.83126551
24478,422,24900,58.00473934
28159,397,28556,70.92947103
27612,906,28518,30.47682119
31758,148,31906,214.5810811
32619,338,32957,96.50591716
23201,495,23696,46.87070707
23127,379,23506,61.02110818
27092,554,27646,48.90252708
23031,389,23420,59.20565553
32270,90,32360,358.5555556
23726,163,23889,145.5582822
29427,266,29693,110.6278195
23919,142,24061,168.443662
24027,502,24529,47.8625498
28219,438,28657,64.42694064
27116,538,27654,50.40148699
45406,462,45868,98.28138528
23207,473,23680,49.06342495
24032,538,24570,44.66914498
23465,302,23767,77.6986755
27283,245,27528,111.3591837
28313,384,28697,73.73177083
24980,369,25349,67.69647696
29441,245,29686,120.1673469
24979,138,25117,181.0072464
32880,207,33087,158.8405797
43196,260,43456,166.1384615
25863,203,26066,127.4039409
30220,583,30803,51.83533448
30008,295,30303,101.7220339
25364,289,25653,87.76470588
26340,171,26511,154.0350877
29224,428,29652,68.28037383
23399,139,23538,168.3381295
28754,244,28998,117.8442623
34631,269,34900,128.739777
30055,124,30179,242.3790323
25511,292,25803,87.36643836
29930,129,30059,232.0155039
31718,370,32088,85.72432432
23172,129,23301,179.627907
25964,77,26041,337.1948052
24289,156,24445,155.6987179
35798,250,36048,143.192
28505,221,28726,128.9819005
41195,268,41463,153.7126866
23928,284,24212,84.25352113
28177,249,28426,113.1606426
29085,422,29507,68.92180095
24597,116,24713,212.0431034
25471,627,26098,40.62360447
36931,183,37114,201.8087432
43514,170,43684,255.9647059
27815,441,28256,63.07256236
30370,249,30619,121.9678715
30451,250,30701,121.804
29330,329,29659,89.14893617
23357,267,23624,87.47940075
25893,389,26282,66.56298201
33844,537,34381,63.02420857
25707,497,26204,51.72434608
25789,218,26007,118.2981651
30152,337,30489,89.47181009
29139,249,29388,117.0240964
25689,434,26123,59.19124424
29572,697,30269,42.42754663
35694,29,35723,1230.827586
26043,784,26827,33.21811224
23269,555,23824,41.92612613
33019,181,33200,182.4254144
24293,555,24848,43.77117117
25138,292,25430,86.0890411
40598,139,40737,292.0719424
42976,358,43334,120.0446927
32689,260,32949,125.7269231
34717,394,35111,88.1142132
26469,120,26589,220.575
42142,421,42563,100.0997625
27523,410,27933,67.12926829
28130,391,28521,71.94373402
24016,113,24129,212.5309735
32149,202,32351,159.1534653
30514,508,31022,60.06692913
23863,358,24221,66.65642458
25685,188,25873,136.6223404
33125,135,33260,245.3703704
24695,213,24908,115.9389671
23609,184,23793,128.3097826
23328,303,23631,76.99009901
23207,479,23686,48.44885177
27509,694,28203,39.63832853
45692,411,46103,111.1727494
23497,447,23944,52.56599553
33872,219,34091,154.6666667
33328,562,33890,59.3024911
24502,228,24730,107.4649123
25455,566,26021,44.97349823
23702,209,23911,113.4066986
29182,114,29296,255.9824561
29513,272,29785,108.5036765
29059,816,29875,35.61151961
27234,401,27635,67.91521197
40308,170,40478,237.1058824
24171,345,24516,70.06086957
27189,194,27383,140.1494845
23554,502,24056,46.92031873
38663,1514,40177,25.53698811
35988,663,36651,54.28054299
43040,210,43250,204.952381
23099,703,23802,32.85775249
30728,152,30880,202.1578947
37990,514,38504,73.91050584
23635,275,23910,85.94545455
26816,382,27198,70.19895288
26379,173,26552,152.4797688
24641,464,25105,53.10560345
30956,262,31218,118.1526718
24704,302,25006,81.8013245
25377,352,25729,72.09375
23414,630,24044,37.16507937
40980,947,41927,43.27349525
23074,340,23414,67.86470588
28859,258,29117,111.8565891
27160,201,27361,135.1243781
23685,442,24127,53.58597285
27305,355,27660,76.91549296
27593,235,27828,117.4170213
37354,397,37751,94.0906801
23679,227,23906,104.3127753
25108,149,25257,168.5100671
31243,220,31463,142.0136364
24136,215,24351,112.2604651
31625,212,31837,149.1745283
45801,322,46123,142.2391304
24201,420,24621,57.62142857
44024,168,44192,262.047619
25752,469,26221,54.90831557
24609,177,24786,139.0338983
28185,200,28385,140.925
28936,461,29397,62.76789588
23889,551,24440,43.35571688
27582,325,27907,84.86769231
35443,296,35739,119.7398649
45419,677,46096,67.08862629
28960,596,29556,48.59060403
26186,503,26689,52.05964215
31476,419,31895,75.12171838
29270,238,29508,122.9831933
24818,362,25180,68.55801105
33922,204,34126,166.2843137
28765,380,29145,75.69736842
41925,729,42654,57.51028807
25519,219,25738,116.5251142
23663,197,23860,120.1167513
42899,311,43210,137.9389068
32545,118,32663,275.8050847
29371,438,29809,67.05707763
34202,483,34685,70.8115942
23466,494,23960,47.50202429
35933,459,36392,78.28540305
32839,551,33390,59.59891107
23889,677,24566,35.28655835
22997,254,23251,90.53937008
25246,382,25628,66.08900524
26671,98,26769,272.1530612
30207,376,30583,80.33776596
28120,282,28402,99.71631206
31245,273,31518,114.4505495
35605,176,35781,202.3011364
34771,263,35034,132.2091255
28492,393,28885,72.49872774
45806,670,46476,68.36716418
33253,126,33379,263.9126984
25258,239,25497,105.6820084
40212,408,40620,98.55882353
26219,555,26774,47.24144144
24412,219,24631,111.4703196
24402,138,24540,176.826087
28338,150,28488,188.92
23428,135,23563,173.5407407
36813,107,36920,344.046729
27222,171,27393,159.1929825
44535,165,44700,269.9090909
24791,392,25183,63.24234694
37146,219,37365,169.6164384
36656,360,37016,101.8222222
31976,77,32053,415.2727273
23442,225,23667,104.1866667
23540,444,23984,53.01801802
43797,372,44169,117.733871
29385,305,29690,96.3442623
29610,434,30044,68.22580645
23112,252,23364,91.71428571
42024,576,42600,72.95833333
24239,307,24546,78.95439739
28742,426,29168,67.46948357
24110,552,24662,43.67753623
24060,170,24230,141.5294118
27321,478,27799,57.15690377
30870,301,31171,102.5581395
25133,166,25299,151.4036145
28282,444,28726,63.6981982
24373,414,24787,58.87198068
29100,568,29668,51.23239437
23175,194,23369,119.4587629
27074,267,27341,101.4007491
28311,216,28527,131.0694444
24430,130,24560,187.9230769
36291,439,36730,82.66742597
35398,338,35736,104.7278107
25762,467,26229,55.16488223
25404,255,25659,99.62352941
36607,375,36982,97.61866667
31842,239,32081,133.2301255
29760,330,30090,90.18181818
24772,279,25051,88.78853047
27504,271,27775,101.4907749
30696,252,30948,121.8095238
28099,212,28311,132.5424528
33265,603,33868,55.16583748
39412,494,39906,79.78137652
24720,502,25222,49.24302789
25412,283,25695,89.795053
30951,242,31193,127.8966942
39797,350,40147,113.7057143
37174,337,37511,110.3086053
27878,185,28063,150.6918919
33295,335,33630,99.3880597
23601,205,23806,115.1268293
28971,335,29306,86.48059701
23339,320,23659,72.934375
24248,357,24605,67.92156863
29117,514,29631,56.64785992
38247,286,38533,133.7307692
37570,130,37700,289
28872,579,29451,49.86528497
23742,622,24364,38.17041801
30164,396,30560,76.17171717
33339,506,33845,65.88735178
28906,254,29160,113.8031496
23460,472,23932,49.70338983
38332,216,38548,177.462963
26498,84,26582,315.452381
32576,331,32907,98.41691843
26068,80,26148,325.85
24770,344,25114,72.00581395
23183,455,23638,50.95164835
38168,579,38747,65.92055268
25297,377,25674,67.10079576
24587,679,25266,36.21060383
30398,231,30629,131.5930736
25708,164,25872,156.7560976
27997,300,28297,93.32333333
29640,448,30088,66.16071429
28690,688,29378,41.7005814
45597,399,45996,114.2781955
25926,391,26317,66.30690537
42658,410,43068,104.0439024
33490,279,33769,120.0358423
25356,235,25591,107.8978723
31209,859,32068,36.33178114
32127,152,32279,211.3618421
27008,396,27404,68.2020202
27155,506,27661,53.66600791
23309,472,23781,49.38347458
28400,350,28750,81.14285714
27056,675,27731,40.08296296
24345,281,24626,86.63701068
37593,270,37863,139.2333333
25191,287,25478,87.77351916
28093,168,28261,167.2202381
26167,426,26593,61.42488263
29571,654,30225,45.21559633
32199,338,32537,95.26331361
23539,234,23773,100.5940171
24531,356,24887,68.90730337
23736,189,23925,125.5873016
24434,133,24567,183.7142857
24030,242,24272,99.29752066
24265,402,24667,60.36069652
24447,3087,27534,7.919339164
26006,490,26496,53.07346939
33441,466,33907,71.76180258
34010,396,34406,85.88383838
27670,397,28067,69.697733
26082,288,26370,90.5625
24260,380,24640,63.84210526
27925,304,28229,91.85855263
28568,96,28664,297.5833333
25707,240,25947,107.1125
31482,293,31775,107.447099
29418,254,29672,115.8188976
27700,558,28258,49.64157706
32055,336,32391,95.40178571
26779,399,27178,67.11528822
24911,157,25068,158.6687898
25953,236,26189,109.970339
23942,403,24345,59.40942928
23837,239,24076,99.73640167
24316,275,24591,88.42181818
32765,129,32894,253.9922481
28489,93,28582,306.3333333
38393,175,38568,219.3885714
27233,382,27615,71.29057592
31424,164,31588,191.6097561
26434,134,26568,197.2686567
36731,259,36990,141.8185328
28862,306,29168,94.32026144
25668,501,26169,51.23353293
28356,632,28988,44.86708861
30364,276,30640,110.0144928
31602,335,31937,94.33432836
24392,552,24944,44.1884058
34822,14,34836,2487.285714
41057,104,41161,394.7788462
40080,441,40521,90.88435374
29585,470,30055,62.94680851
27499,693,28192,39.68109668
26596,437,27033,60.8604119
32101,626,32727,51.27955272
25702,300,26002,85.67333333
26782,283,27065,94.6360424
31110,457,31567,68.07439825
32546,346,32892,94.06358382
34452,348,34800,99
25376,252,25628,100.6984127
42252,225,42477,187.7866667
29678,79,29757,375.6708861
24486,653,25139,37.49770291
28275,249,28524,113.5542169
25148,437,25585,57.54691076
25561,445,26006,57.44044944
29838,514,30352,58.05058366
28246,457,28703,61.80743982
26406,372,26778,70.98387097
29355,378,29733,77.65873016
25987,142,26129,183.0070423
26591,374,26965,71.09893048
30383,387,30770,78.50904393
33720,340,34060,99.17647059
43318,106,43424,408.6603774
41629,248,41877,167.858871
23942,868,24810,27.58294931
38168,612,38780,62.36601307
24050,359,24409,66.99164345
31369,399,31768,78.61904762
31122,66,31188,471.5454545
26397,450,26847,58.66
27377,483,27860,56.68115942
24466,168,24634,145.6309524
27360,172,27532,159.0697674
26319,373,26692,70.56032172
25372,188,25560,134.9574468
43634,558,44192,78.19713262
28750,324,29074,88.7345679
28580,627,29207,45.58213716
33835,897,34732,37.72017837
28959,483,29442,59.95652174
23921,184,24105,130.0054348
37957,280,38237,135.5607143
29080,738,29818,39.40379404
27409,134,27543,204.5447761
28062,431,28493,65.10904872
32483,326,32809,99.64110429
35112,296,35408,118.6216216
29944,500,30444,59.888
24356,229,24585,106.3580786
40390,318,40708,127.0125786
27397,555,27952,49.36396396
25417,296,25713,85.86824324
40169,451,40620,89.06651885
28123,160,28283,175.76875
29284,445,29729,65.80674157
27859,371,28230,75.0916442
45321,385,45706,117.7168831
25799,414,26213,62.31642512
35517,94,35611,377.8404255
29065,473,29538,61.44820296
26811,157,26968,170.7707006
28531,276,28807,103.3731884
27107,368,27475,73.66032609
30350,385,30735,78.83116883
37734,707,38441,53.37199434
31261,71,31332,440.2957746
45611,652,46263,69.95552147
30459,504,30963,60.43452381
41374,564,41938,73.35815603
25731,272,26003,94.59926471
29965,231,30196,129.7186147
29174,177,29351,164.8248588
26423,648,27071,40.77623457
30284,145,30429,208.8551724
24841,362,25203,68.62154696
26493,194,26687,136.5618557
26533,152,26685,174.5592105
24171,197,24368,122.6954315
26646,389,27035,68.49871465
37048,308,37356,120.2857143
35211,295,35506,119.359322
24347,155,24502,157.0774194
34577,482,35059,71.73651452
23182,83,23265,279.3012048
29921,394,30315,75.94162437
30060,301,30361,99.86710963
33135,201,33336,164.8507463
23994,147,24141,163.2244898
23586,211,23797,111.7819905
45705,453,46158,100.8940397
26604,567,27171,46.92063492
34213,253,34466,135.229249
24287,286,24573,84.91958042
43386,551,43937,78.74047187
33294,225,33519,147.9733333
33181,284,33465,116.834507
32977,170,33147,193.9823529
29751,659,30410,45.14567527
23499,244,23743,96.30737705
29142,132,29274,220.7727273
43685,380,44065,114.9605263
26873,230,27103,116.8391304
23901,490,24391,48.77755102
39170,159,39329,246.3522013
24595,274,24869,89.76277372
23887,214,24101,111.6214953
30587,337,30924,90.76261128
35034,163,35197,214.9325153
29632,430,30062,68.91162791
36148,205,36353,176.3317073
25984,582,26566,44.64604811
45607,224,45831,203.6026786
29044,105,29149,276.6095238
28685,162,28847,177.0679012
34465,341,34806,101.0703812
32613,359,32972,90.84401114
38118,167,38285,228.251497
27433,228,27661,120.3201754
40101,338,40439,118.6420118
28132,817,28949,34.43329253
28605,421,29026,67.94536817
23801,189,23990,125.9312169
26177,422,26599,62.03080569
33569,475,34044,70.67157895
24743,483,25226,51.22774327
36541,122,36663,299.5163934
25244,509,25753,49.59528487
26019,152,26171,171.1776316
24228,235,24463,103.0978723
38689,284,38973,136.2288732
25039,341,25380,73.42815249
29717,271,29988,109.6568266
29718,184,29902,161.5108696
34367,331,34698,103.8277946
23914,284,24198,84.20422535
30352,196,30548,154.8571429
29347,123,29470,238.5934959
23554,441,23995,53.41043084
34493,168,34661,205.3154762
24270,78,24348,311.1538462
26676,380,27056,70.2
27561,693,28254,39.77056277
30956,150,31106,206.3733333
28328,161,28489,175.9503106
42912,697,43609,61.56671449
30022,107,30129,280.5794393
23298,267,23565,87.25842697
24184,172,24356,140.6046512
36011,302,36313,119.2417219
31153,246,31399,126.6382114
24785,502,25287,49.37250996
36969,1032,38001,35.82267442
23612,126,23738,187.3968254
30348,271,30619,111.9852399
27938,213,28151,131.1643192
23625,145,23770,162.9310345
23527,226,23753,104.1017699
42042,309,42351,136.0582524
27470,69,27539,398.115942
44029,73,44102,603.1369863
23804,284,24088,83.81690141
25858,424,26282,60.98584906
25324,501,25825,50.54690619
33195,452,33647,73.44026549
43976,312,44288,140.9487179
44235,260,44495,170.1346154
29531,547,30078,53.98720293
35925,342,36267,105.0438596
32057,180,32237,178.0944444
24765,343,25108,72.20116618
33318,261,33579,127.6551724
23848,145,23993,164.4689655
33459,233,33692,143.6008584
41628,115,41743,361.9826087
23503,158,23661,148.7531646
28213,420,28633,67.17380952
26717,348,27065,76.77298851
41310,914,42224,45.19693654
45617,585,46202,77.97777778
23275,622,23897,37.41961415
24660,30,24690,822
23702,438,24140,54.11415525
33083,151,33234,219.0927152
27425,387,27812,70.86563307
31201,253,31454,123.3241107
26083,4332,30415,6.021006464
29601,364,29965,81.32142857
26783,482,27265,55.56639004
23251,413,23664,56.29782082
28017,319,28336,87.82758621
32802,497,33299,66
28550,5900,34450,4.838983051
29528,329,29857,89.75075988
24775,399,25174,62.09273183
23511,257,23768,91.48249027
22995,309,23304,74.41747573
25032,353,25385,70.9121813
22944,199,23143,115.2964824
25089,281,25370,89.28469751
24436,342,24778,71.4502924
30209,224,30433,134.8616071
36185,260,36445,139.1730769
24242,406,24648,59.70935961
27649,216,27865,128.0046296
30002,227,30229,132.1674009
29266,466,29732,62.80257511
24588,302,24890,81.41721854
30998,143,31141,216.7692308
24420,266,24686,91.80451128
26593,178,26771,149.3988764
35603,577,36180,61.70363951
24611,422,25033,58.31990521
40092,149,40241,269.0738255
30568,323,30891,94.6377709
32718,781,33499,41.89244558
24429,298,24727,81.97651007
34308,447,34755,76.75167785
23641,228,23869,103.6885965
26855,1238,28093,21.69224556
30627,136,30763,225.1985294
24941,350,25291,71.26
25668,319,25987,80.46394984
24023,165,24188,145.5939394
35487,460,35947,77.14565217
29699,377,30076,78.77718833
33289,359,33648,92.7270195
27868,410,28278,67.97073171
26098,291,26389,89.6838488
24154,183,24337,131.989071
27568,131,27699,210.4427481
23460,585,24045,40.1025641
29525,377,29902,78.31564987
26114,637,26751,40.99529042
23567,180,23747,130.9277778
37673,471,38144,79.985138
24204,191,24395,126.7225131
23768,180,23948,132.0444444
33595,471,34066,71.32696391
24483,405,24888,60.45185185
28193,400,28593,70.4825
30327,514,30841,59.00194553
33113,176,33289,188.1420455
25583,340,25923,75.24411765
23611,152,23763,155.3355263
23259,542,23801,42.91328413
43978,613,44591,71.74225122
36590,332,36922,110.2108434
26913,388,27301,69.36340206
41200,328,41528,125.6097561
24946,641,25587,38.91731669
28038,191,28229,146.7958115
24652,235,24887,104.9021277
28305,163,28468,173.6503067
30449,366,30815,83.19398907
25721,479,26200,53.69728601
27563,428,27991,64.39953271
31014,528,31542,58.73863636
30938,286,31224,108.1748252
29042,221,29263,131.4117647
29220,284,29504,102.8873239
24001,143,24144,167.8391608
23511,276,23787,85.18478261
24259,577,24836,42.04332756
29262,420,29682,69.67142857
29086,227,29313,128.1321586
42223,229,42452,184.3799127
42604,256,42860,166.421875
31876,20,31896,1593.8
30224,344,30568,87.86046512
25489,444,25933,57.40765766
34359,448,34807,76.69419643
33297,269,33566,123.7806691
29528,194,29722,152.2061856
22983,304,23287,75.60197368
23903,346,24249,69.08381503
35509,457,35966,77.70021882
26674,121,26795,220.446281
28883,422,29305,68.44312796
45093,316,45409,142.6993671
24273,259,24532,93.71814672
38734,345,39079,112.2724638
25095,178,25273,140.9831461
23634,163,23797,144.993865
25753,299,26052,86.13043478
35317,349,35666,101.1948424
24469,132,24601,185.3712121
33415,340,33755,98.27941176
35934,494,36428,72.74089069
23776,899,24675,26.44716352
43010,210,43220,204.8095238
28660,517,29177,55.43520309
23305,480,23785,48.55208333
24887,324,25211,76.8117284
38948,371,39319,104.9811321
29799,192,29991,155.203125
28120,94,28214,299.1489362
25198,475,25673,53.04842105
27964,168,28132,166.452381
23229,398,23627,58.36432161
31823,240,32063,132.5958333
34918,452,35370,77.25221239
22969,262,23231,87.66793893
23419,168,23587,139.3988095
39667,391,40058,101.4501279
23901,326,24227,73.31595092
32338,187,32525,172.9304813
23349,174,23523,134.1896552
25638,198,25836,129.4848485
23860,391,24251,61.0230179
23166,351,23517,66
24569,298,24867,82.44630872
27639,142,27781,194.6408451
24515,457,24972,53.64332604
24695,249,24944,99.17670683
30391,136,30527,223.4632353
25395,374,25769,67.90106952
28987,200,29187,144.935
27973,233,28206,120.055794
25154,161,25315,156.2360248
35782,485,36267,73.77731959
32743,286,33029,114.486014
34871,594,35465,58.70538721
25141,556,25697,45.2176259
23517,316,23833,74.42088608
24209,441,24650,54.89569161
24717,259,24976,95.43243243
33089,245,33334,135.0571429
41682,488,42170,85.41393443
25709,311,26020,82.66559486
25007,535,25542,46.74205607
27188,136,27324,199.9117647
27079,219,27298,123.6484018
27275,109,27384,250.2293578
36955,518,37473,71.34169884
25956,366,26322,70.91803279
23397,555,23952,42.15675676
23115,372,23487,62.13709677
26218,179,26397,146.4692737
24557,226,24783,108.659292
28580,493,29073,57.97160243
24843,133,24976,186.7894737
25677,57,25734,450.4736842
37553,490,38043,76.63877551
25040,721,25761,34.7295423
27862,274,28136,101.6861314
23477,405,23882,57.96790123
32906,445,33351,73.94606742
25484,291,25775,87.57388316
26495,225,26720,117.7555556
36252,234,36486,154.9230769
28080,477,28557,58.86792453
37925,470,38395,80.69148936
25373,435,25808,58.32873563
35919,436,36355,82.38302752
27662,502,28164,55.10358566
43490,271,43761,160.4797048
38140,451,38591,84.56762749
24825,489,25314,50.76687117
24453,290,24743,84.32068966
27210,292,27502,93.18493151
37334,399,37733,93.56892231
25130,240,25370,104.7083333
25169,588,25757,42.80442177
22926,115,23041,199.3565217
23952,204,24156,117.4117647
44904,337,45241,133.2462908
26743,240,26983,111.4291667
43310,319,43629,135.7680251
29978,430,30408,69.71627907
31710,697,32407,45.49497848
24643,548,25191,44.9689781
24845,82,24927,302.9878049
36559,240,36799,152.3291667
26182,517,26699,50.64216634
40263,619,40882,65.04523425
33322,385,33707,86.55064935
23236,517,23753,44.94390716
38225,149,38374,256.5436242
23831,325,24156,73.32615385
24579,219,24798,112.2328767
31632,285,31917,110.9894737
23868,524,24392,45.54961832
25204,272,25476,92.66176471
27076,287,27363,94.34146341
22964,230,23194,99.84347826
39028,297,39325,131.4074074
29441,140,29581,210.2928571
25014,431,25445,58.03712297
38338,431,38769,88.9512761
31451,587,32038,53.57921635
26329,462,26791,56.98917749
23042,135,23177,170.6814815
34171,97,34268,352.2783505
22995,324,23319,70.97222222
24820,261,25081,95.09578544
24444,448,24892,54.5625
26802,393,27195,68.19847328
27417,202,27619,135.7277228
45578,641,46219,71.10452418
24274,480,24754,50.57083333
22945,187,23132,122.7005348
25044,521,25565,48.06909789
27733,296,28029,93.69256757
23852,253,24105,94.27667984
26323,432,26755,60.93287037
26326,361,26687,72.92520776
28693,244,28937,117.5942623
23008,97,23105,237.1958763
36816,560,37376,65.74285714
34220,434,34654,78.84792627
41731,644,42375,64.79968944
27901,1439,29340,19.38915914
23565,95,23660,248.0526316
37034,141,37175,262.6524823
24803,416,25219,59.62259615
26764,122,26886,219.3770492
24507,295,24802,83.07457627
34027,2715,36742,12.53296501
43020,484,43504,88.88429752
31329,201,31530,155.8656716
23562,403,23965,58.46650124
25600,179,25779,143.0167598
26780,400,27180,66.95
31193,325,31518,95.97846154
26921,177,27098,152.0960452
32008,666,32674,48.06006006
23500,200,23700,117.5
35257,736,35993,47.90353261
23676,389,24065,60.86375321
44141,476,44617,92.73319328
44889,294,45183,152.6836735
23411,631,24042,37.10142631
27957,110,28067,254.1545455
26476,154,26630,171.9220779
32174,203,32377,158.4926108
23967,236,24203,101.5550847
25820,355,26175,72.73239437
38357,310,38667,123.7322581
25034,577,25611,43.3864818
37226,492,37718,75.66260163
23018,405,23423,56.8345679
33689,150,33839,224.5933333
35271,283,35554,124.6325088
27242,334,27576,81.56287425
31352,393,31745,79.77608142
23481,401,23882,58.55610973
41911,116,42027,361.3017241
24570,218,24788,112.706422
28617,145,28762,197.3586207
32733,384,33117,85.2421875
22975,386,23361,59.52072539
37950,208,38158,182.4519231
27040,300,27340,90.13333333
24463,472,24935,51.82838983
25529,527,26056,48.44212524
43707,329,44036,132.8480243
27410,649,28059,42.23420647
29507,484,29991,60.96487603
37722,372,38094,101.4032258
34123,664,34787,51.39006024
34501,168,34669,205.3630952
32130,90,32220,357
23519,212,23731,110.9386792
41320,138,41458,299.4202899
26499,245,26744,108.1591837
23452,422,23874,55.57345972
33932,301,34233,112.730897
25843,295,26138,87.60338983
23806,212,24018,112.2924528
32343,138,32481,234.3695652
23448,456,23904,51.42105263
25939,171,26110,151.6900585
28004,158,28162,177.2405063
33077,320,33397,103.365625
44253,436,44689,101.4977064
26953,336,27289,80.2172619
26026,317,26343,82.10094637
27085,346,27431,78.28034682
45482,169,45651,269.1242604
34737,359,35096,96.76044568
26652,148,26800,180.0810811
23151,692,23843,33.45520231
35809,551,36360,64.98911071
37870,408,38278,92.81862745
23320,556,23876,41.94244604
23147,262,23409,88.34732824
24769,260,25029,95.26538462
26795,322,27117,83.21428571
23931,375,24306,63.816
25359,205,25564,123.702439
36376,411,36787,88.50608273
35088,97,35185,361.7319588
28338,421,28759,67.3111639
37454,132,37586,283.7424242
41038,128,41166,320.609375
24869,383,25252,64.93211488
28891,299,29190,96.62541806
34027,187,34214,181.9625668
31948,410,32358,77.92195122
40946,1201,42147,34.09325562
31307,304,31611,102.9835526
36188,140,36328,258.4857143
37631,545,38176,69.04770642
23430,94,23524,249.2553191
23952,508,24460,47.1496063
40424,229,40653,176.5240175
27261,352,27613,77.44602273
23029,255,23284,90.30980392
26327,465,26792,56.6172043
34057,225,34282,151.3644444
31125,452,31577,68.86061947
38481,488,38969,78.8545082
28275,444,28719,63.68243243
28709,122,28831,235.3196721
27043,399,27442,67.77694236
30062,11,30073,2732.909091
37193,485,37678,76.68659794
25454,29,25483,877.7241379
26126,641,26767,40.75819033
27233,221,27454,123.2262443
42475,93,42568,456.7204301
26781,324,27105,82.65740741
24926,195,25121,127.825641
24902,261,25163,95.40996169
27876,316,28192,88.21518987
23549,295,23844,79.82711864
24420,222,24642,110
25240,174,25414,145.0574713
31770,383,32153,82.95039164
23933,299,24232,80.04347826
31478,431,31909,73.03480278
23973,303,24276,79.11881188
23973,205,24178,116.9414634
24824,349,25173,71.12893983
23118,130,23248,177.8307692
31345,135,31480,232.1851852
25495,505,26000,50.48514851
32622,139,32761,234.6906475
30844,417,31261,73.96642686
28394,332,28726,85.52409639
29456,204,29660,144.3921569
29080,484,29564,60.08264463
24623,345,24968,71.37101449
41132,84,41216,489.6666667
24576,297,24873,82.74747475
25115,459,25574,54.7167756
26850,422,27272,63.62559242
45032,343,45375,131.2886297
23599,270,23869,87.4037037
38294,235,38529,162.9531915
34076,78,34154,436.8717949
30284,446,30730,67.90134529
25338,5992,31330,4.228638184
27583,437,28020,63.11899314
23187,138,23325,168.0217391
38315,533,38848,71.88555347
27182,230,27412,118.1826087
23317,433,23750,53.84988453
24452,584,25036,41.86986301
25159,315,25474,79.86984127
25039,597,25636,41.94137353
28763,209,28972,137.6220096
32578,297,32875,109.6902357
29037,355,29392,81.7943662
25467,436,25903,58.41055046
33812,208,34020,162.5576923
23228,97,23325,239.4639175
34047,718,34765,47.41922006
27316,174,27490,156.9885057
25369,338,25707,75.05621302
24264,210,24474,115.5428571
28410,161,28571,176.4596273
43471,479,43950,90.75365344
30470,213,30683,143.0516432
36380,3079,39459,11.81552452
24226,434,24660,55.8202765
27364,188,27552,145.5531915
30775,461,31236,66.75704989
35686,592,36278,60.28040541
30066,685,30751,43.8919708
29440,249,29689,118.2329317
42713,212,42925,201.4764151
43905,189,44094,232.3015873
23285,136,23421,171.2132353
24215,446,24661,54.29372197
27618,294,27912,93.93877551
23217,222,23439,104.5810811
26651,522,27173,51.05555556
30118,404,30522,74.54950495
32071,197,32268,162.7969543
25280,201,25481,125.7711443
34759,313,35072,111.0511182
25029,522,25551,47.94827586
26871,284,27155,94.61619718
23476,514,23990,45.67315175
28319,237,28556,119.4894515
23843,323,24166,73.81733746
32447,670,33117,48.42835821
24017,303,24320,79.2640264
26133,380,26513,68.77105263
36373,382,36755,95.21727749
30478,176,30654,173.1704545
26485,174,26659,152.2126437
26628,570,27198,46.71578947
35902,180,36082,199.4555556
28556,587,29143,48.64735945
34026,239,34265,142.3682008
27185,87,27272,312.4712644
29089,187,29276,155.5561497
29542,279,29821,105.8853047
30612,130,30742,235.4769231
40324,147,40471,274.3129252
44185,389,44574,113.5861183
29564,400,29964,73.91
24741,244,24985,101.397541
26706,257,26963,103.9143969
29903,316,30219,94.62974684
44294,792,45086,55.92676768
44949,123,45072,365.4390244
28951,247,29198,117.2105263
27285,621,27906,43.93719807
24109,358,24467,67.34357542
25218,130,25348,193.9846154
27166,413,27579,65.77723971
27427,214,27641,128.1635514
25365,607,25972,41.78747941
34082,212,34294,160.7641509
33741,154,33895,219.0974026
27400,52,27452,526.9230769
33126,534,33660,62.03370787
23616,184,23800,128.3478261
39872,136,40008,293.1764706
38704,187,38891,206.973262
24022,486,24508,49.42798354
26268,112,26380,234.5357143
27607,328,27935,84.16768293
44960,503,45463,89.38369781
27647,274,27921,100.9014599
37402,296,37698,126.3581081
27816,236,28052,117.8644068
36571,224,36795,163.2633929
29955,441,30396,67.92517007
27437,144,27581,190.5347222
25182,471,25653,53.46496815
23643,352,23995,67.16761364
25959,308,26267,84.28246753
27328,182,27510,150.1538462
24529,331,24860,74.10574018
26689,365,27054,73.12054795
35101,273,35374,128.5750916
28922,225,29147,128.5422222
37085,469,37554,79.07249467
30319,340,30659,89.17352941
25301,66,25367,383.3484848
27170,285,27455,95.33333333
30312,645,30957,46.99534884
32435,274,32709,118.3759124
29081,328,29409,88.66158537
35904,311,36215,115.4469453
24372,183,24555,133.1803279
23454,216,23670,108.5833333
37094,291,37385,127.4707904
23316,100,23416,233.16
23946,86,24032,278.4418605
38611,323,38934,119.5386997
28755,132,28887,217.8409091
24351,126,24477,193.2619048
36639,400,37039,91.5975
29539,823,30362,35.89185905
40322,388,40710,103.9226804
30621,418,31039,73.25598086
25866,254,26120,101.8346457
27760,112,27872,247.8571429
35558,195,35753,182.3487179
25279,173,25452,146.1213873
23346,311,23657,75.06752412
40110,111,40221,361.3513514
22982,561,23543,40.96613191
26732,421,27153,63.49643705
43453,374,43827,116.184492
37610,399,38009,94.26065163
23448,238,23686,98.5210084
23916,604,24520,39.59602649
28993,73,29066,397.1643836
34527,158,34685,218.5253165
23348,390,23738,59.86666667
45418,663,46081,68.50377074
37175,539,37714,68.9703154
32069,327,32396,98.07033639
37367,68,37435,549.5147059
31557,425,31982,74.25176471
24899,769,25668,32.37841352
26894,434,27328,61.96774194
23646,41,23687,576.7317073
22987,402,23389,57.18159204
23179,177,23356,130.9548023
44578,195,44773,228.6051282
36183,314,36497,115.2324841
24109,375,24484,64.29066667