num_prefill_tokens,num_decode_tokens,num_total_tokens,pd_ratio
1724,862,2586,2.0
1729,924,2653,1.871212121212121
1674,845,2519,1.9810650887573964
1797,911,2708,1.9725576289791438
1793,974,2767,1.8408624229979467
1672,815,2487,2.0515337423312885
1766,662,2428,2.6676737160120845
1831,759,2590,2.412384716732543
1816,902,2718,2.0133037694013303
1905,529,2434,3.601134215500945
1743,975,2718,1.7876923076923077
1925,869,2794,2.2151898734177213
1827,822,2649,2.2226277372262775
1932,761,2693,2.538764783180026
1838,723,2561,2.5421853388658366
1936,791,2727,2.447534766118837
1833,702,2535,2.611111111111111
1747,855,2602,2.0432748538011696
1682,714,2396,2.3557422969187676
1636,542,2178,3.018450184501845
1967,685,2652,2.8715328467153283
1747,692,2439,2.5245664739884393
1877,942,2819,1.9925690021231421
1833,521,2354,3.5182341650671787
1954,800,2754,2.4425
1743,804,2547,2.167910447761194
1653,635,2288,2.6031496062992128
1773,756,2529,2.3452380952380953
1797,524,2321,3.4293893129770994
1822,681,2503,2.6754772393538913
1954,549,2503,3.5591985428051003
1837,762,2599,2.410761154855643
1887,784,2671,2.4068877551020407
1940,618,2558,3.1391585760517797
1780,507,2287,3.510848126232742
1710,592,2302,2.8885135135135136
1915,711,2626,2.6933895921237694
1836,760,2596,2.4157894736842107
1637,836,2473,1.958133971291866
1720,859,2579,2.0023282887077998
1981,976,2957,2.0297131147540983
1939,738,2677,2.627371273712737
1612,972,2584,1.6584362139917694
1776,822,2598,2.1605839416058394
1982,920,2902,2.1543478260869566
1688,775,2463,2.1780645161290324
1950,957,2907,2.0376175548589344
1881,716,2597,2.627094972067039
1884,612,2496,3.0784313725490198
1748,996,2744,1.7550200803212852
1606,888,2494,1.8085585585585586
1900,603,2503,3.1509121061359866
1897,679,2576,2.7938144329896906
1613,552,2165,2.9221014492753623
1938,545,2483,3.5559633027522937
1960,881,2841,2.224744608399546
1925,635,2560,3.031496062992126
1998,616,2614,3.2435064935064934
1964,516,2480,3.806201550387597
1902,748,2650,2.5427807486631018
1869,713,2582,2.621318373071529
1987,555,2542,3.58018018018018
1972,593,2565,3.3254637436762224
1881,611,2492,3.078559738134206
1869,529,2398,3.5330812854442346
1712,722,2434,2.371191135734072
1713,608,2321,2.817434210526316
1969,951,2920,2.070452155625657
1624,984,2608,1.6504065040650406
1775,619,2394,2.867528271405493
1929,768,2697,2.51171875
1703,518,2221,3.287644787644788
1989,732,2721,2.7172131147540983
1682,568,2250,2.961267605633803
1973,704,2677,2.8025568181818183
1627,776,2403,2.0966494845360826
1952,514,2466,3.7976653696498053
1708,757,2465,2.2562747688243063
1632,949,2581,1.719704952581665
1818,991,2809,1.834510595358224
1978,925,2903,2.1383783783783783
1933,810,2743,2.38641975308642
1737,630,2367,2.757142857142857
1713,946,2659,1.8107822410147991
1642,853,2495,1.9249706916764362
1775,962,2737,1.845114345114345
1892,976,2868,1.9385245901639345
1670,598,2268,2.7926421404682276
1963,680,2643,2.886764705882353
1811,644,2455,2.812111801242236
1665,577,2242,2.8856152512998268
1736,538,2274,3.2267657992565058
1873,769,2642,2.435630689206762
1849,548,2397,3.374087591240876
1953,748,2701,2.6109625668449197
1756,541,2297,3.2458410351201477
1834,869,2703,2.1104718066743384
1999,708,2707,2.823446327683616
1624,656,2280,2.475609756097561
1614,646,2260,2.498452012383901
1862,556,2418,3.3489208633093526
1616,852,2468,1.8967136150234742
1933,795,2728,2.4314465408805033
1793,967,2760,1.8541882109617374
1657,972,2629,1.704732510288066
1741,863,2604,2.0173812282734644
1923,996,2919,1.930722891566265
1959,636,2595,3.080188679245283
1814,514,2328,3.529182879377432
1997,987,2984,2.0233029381965553
1997,950,2947,2.102105263157895
1796,710,2506,2.5295774647887326
1938,892,2830,2.172645739910314
1664,625,2289,2.6624
1649,736,2385,2.2404891304347827
1754,873,2627,2.009163802978236
1698,725,2423,2.3420689655172415
1763,722,2485,2.4418282548476453
1808,664,2472,2.7228915662650603
1959,680,2639,2.8808823529411764
1928,809,2737,2.3831891223733
1877,908,2785,2.067180616740088
1774,878,2652,2.020501138952164
1647,695,2342,2.3697841726618707
1732,626,2358,2.7667731629392973
1902,757,2659,2.512549537648613
1730,629,2359,2.750397456279809
1806,937,2743,1.9274279615795091
1995,661,2656,3.018154311649017
1932,545,2477,3.544954128440367
1815,888,2703,2.043918918918919
1919,981,2900,1.9561671763506625
1657,717,2374,2.311018131101813
1959,513,2472,3.818713450292398
1711,905,2616,1.89060773480663
1885,678,2563,2.78023598820059
1901,907,2808,2.095920617420066
1933,985,2918,1.9624365482233503
1689,975,2664,1.7323076923076923
1785,503,2288,3.548707753479125
1806,747,2553,2.4176706827309236
1729,712,2441,2.428370786516854
1750,632,2382,2.768987341772152
1749,746,2495,2.344504021447721
1997,981,2978,2.035677879714577
1844,704,2548,2.6193181818181817
1820,902,2722,2.0177383592017737
1713,783,2496,2.1877394636015324
1886,815,2701,2.3141104294478527
1881,847,2728,2.220779220779221
1652,567,2219,2.9135802469135803
1997,893,2890,2.2362821948488243
1650,711,2361,2.320675105485232
1619,889,2508,1.8211473565804275
1682,892,2574,1.8856502242152466
1866,597,2463,3.1256281407035176
1909,616,2525,3.0990259740259742
1676,598,2274,2.802675585284281
1915,764,2679,2.506544502617801
1688,944,2632,1.7881355932203389
1813,510,2323,3.5549019607843135
1810,830,2640,2.180722891566265
1887,695,2582,2.7151079136690646
1986,995,2981,1.9959798994974873
1662,695,2357,2.39136690647482
1688,743,2431,2.271870794078062
1810,881,2691,2.054483541430193
1889,1000,2889,1.889
1628,909,2537,1.790979097909791
1852,705,2557,2.626950354609929
1824,967,2791,1.8862461220268874
1788,900,2688,1.9866666666666666
1776,710,2486,2.5014084507042256
1641,844,2485,1.9443127962085307
1869,688,2557,2.7165697674418605
1966,981,2947,2.0040774719673804
1809,748,2557,2.4184491978609626
1697,726,2423,2.337465564738292
1950,800,2750,2.4375
1746,504,2250,3.4642857142857144
1722,928,2650,1.855603448275862
1647,501,2148,3.287425149700599
1914,540,2454,3.5444444444444443
1792,587,2379,3.052810902896082
1957,987,2944,1.9827760891590678
1624,708,2332,2.2937853107344632
1960,607,2567,3.228995057660626
1985,898,2883,2.210467706013363
1871,717,2588,2.609483960948396
1953,668,2621,2.9236526946107784
1697,714,2411,2.376750700280112
1681,583,2264,2.8833619210977703
1936,662,2598,2.9244712990936557
1860,686,2546,2.7113702623906706
1845,877,2722,2.1037628278221208
1851,659,2510,2.8088012139605465
1725,504,2229,3.4226190476190474
1942,526,2468,3.692015209125475
1671,782,2453,2.136828644501279
1900,672,2572,2.8273809523809526
1640,500,2140,3.28
1685,812,2497,2.0751231527093594
1813,601,2414,3.016638935108153
1923,568,2491,3.38556338028169
1811,603,2414,3.0033167495854065
1637,519,2156,3.1541425818882467
1793,872,2665,2.0561926605504586
1882,622,2504,3.0257234726688105
1843,948,2791,1.9440928270042195
1719,732,2451,2.348360655737705
1811,850,2661,2.1305882352941174
1957,663,2620,2.9517345399698343
1752,566,2318,3.095406360424028
1773,507,2280,3.497041420118343
1985,886,2871,2.240406320541761
1933,762,2695,2.536745406824147
1920,805,2725,2.3850931677018634
1887,680,2567,2.775
1886,951,2837,1.9831756046267088
1635,899,2534,1.8186874304783092
1973,859,2832,2.29685681024447
1783,854,2637,2.0878220140515222
1857,841,2698,2.2080856123662307
1996,753,2749,2.650730411686587
1614,695,2309,2.322302158273381
1994,553,2547,3.605786618444846
1726,823,2549,2.097205346294046
1763,646,2409,2.7291021671826625
1767,853,2620,2.0715123094958967
1866,944,2810,1.9766949152542372
1661,713,2374,2.329593267882188
1872,962,2834,1.945945945945946
1990,697,2687,2.855093256814921
1765,502,2267,3.5159362549800797
1771,722,2493,2.4529085872576175
1954,787,2741,2.48284625158831
1988,545,2533,3.6477064220183486
1935,817,2752,2.3684210526315788
1850,985,2835,1.8781725888324874
1881,642,2523,2.9299065420560746
1911,775,2686,2.4658064516129032
1621,705,2326,2.299290780141844
1915,641,2556,2.987519500780031
1633,515,2148,3.170873786407767
1650,677,2327,2.4372230428360413
1777,628,2405,2.8296178343949046
1618,517,2135,3.129593810444874
1623,803,2426,2.021170610211706
1821,616,2437,2.956168831168831
1702,501,2203,3.3972055888223553
1726,657,2383,2.6270928462709286
1616,641,2257,2.5210608424336973
1962,891,2853,2.202020202020202
1973,750,2723,2.6306666666666665
1630,715,2345,2.2797202797202796
1648,810,2458,2.034567901234568
1673,996,2669,1.679718875502008
1717,999,2716,1.7187187187187187
1908,672,2580,2.8392857142857144
1949,812,2761,2.4002463054187193
1623,717,2340,2.2635983263598325
1671,619,2290,2.6995153473344105
1735,994,2729,1.7454728370221329
1725,892,2617,1.9338565022421526
1781,623,2404,2.8587479935794544
1613,707,2320,2.2814710042432815
1667,879,2546,1.8964732650739478
1898,992,2890,1.9133064516129032
1826,795,2621,2.2968553459119496
1636,507,2143,3.2268244575936884
1915,769,2684,2.490247074122237
1772,547,2319,3.2394881170018284
1841,645,2486,2.854263565891473
1905,557,2462,3.4201077199281866
1900,531,2431,3.5781544256120528
1836,749,2585,2.451268357810414
1831,623,2454,2.9390048154093096
1609,685,2294,2.348905109489051
1661,518,2179,3.2065637065637067
1950,654,2604,2.981651376146789
1807,672,2479,2.6889880952380953
1721,713,2434,2.4137447405329593
1846,931,2777,1.9828141783029
1948,734,2682,2.653950953678474
1719,679,2398,2.531664212076583
1988,562,2550,3.5373665480427046
1853,840,2693,2.205952380952381
1968,938,2906,2.098081023454158
1931,512,2443,3.771484375
1966,904,2870,2.174778761061947
1756,870,2626,2.018390804597701
1903,794,2697,2.3967254408060454
1834,627,2461,2.9250398724082936
1872,972,2844,1.9259259259259258
1932,961,2893,2.010405827263267
1627,553,2180,2.942133815551537
1883,854,2737,2.2049180327868854
1813,691,2504,2.6237337192474675
1896,939,2835,2.0191693290734825
1877,820,2697,2.2890243902439025
1749,653,2402,2.678407350689127
1760,621,2381,2.8341384863123995
1961,880,2841,2.228409090909091
1894,872,2766,2.1720183486238533
1884,937,2821,2.0106723585912487
1604,825,2429,1.9442424242424243
1861,525,2386,3.544761904761905
1660,573,2233,2.8970331588132634
1845,821,2666,2.2472594397076735
1781,967,2748,1.8417786970010341
1610,963,2573,1.6718587746625129
1880,970,2850,1.9381443298969072
1929,720,2649,2.6791666666666667
1764,737,2501,2.3934871099050206
1849,661,2510,2.7972768532526473
1853,716,2569,2.5879888268156424
1673,715,2388,2.3398601398601397
1810,889,2699,2.0359955005624295
1989,583,2572,3.411663807890223
1618,523,2141,3.0936902485659656
1817,643,2460,2.8258164852255057
1788,591,2379,3.0253807106598987
1695,682,2377,2.4853372434017595
1950,642,2592,3.0373831775700935
1804,562,2366,3.209964412811388
1638,879,2517,1.863481228668942
1627,858,2485,1.8962703962703962
1917,929,2846,2.063509149623251
1736,984,2720,1.7642276422764227
1666,857,2523,1.9439906651108518
1964,819,2783,2.398046398046398
1983,998,2981,1.9869739478957915
1817,755,2572,2.4066225165562916
1842,757,2599,2.4332892998678997
1722,703,2425,2.44950213371266
1754,502,2256,3.49402390438247
1788,970,2758,1.8432989690721648
1775,892,2667,1.9899103139013452
1612,961,2573,1.6774193548387097
1756,850,2606,2.0658823529411765
1625,662,2287,2.4546827794561934
1838,503,2341,3.6540755467196817
1838,683,2521,2.6910688140556367
1969,677,2646,2.9084194977843425
1941,710,2651,2.7338028169014086
1615,745,2360,2.1677852348993287
1772,751,2523,2.359520639147803
1742,766,2508,2.2741514360313317
1764,723,2487,2.4398340248962658
1793,684,2477,2.621345029239766
1797,709,2506,2.534555712270804
1894,643,2537,2.9455676516329703
1699,540,2239,3.1462962962962964
1741,568,2309,3.0651408450704225
1615,705,2320,2.2907801418439715
1685,933,2618,1.8060021436227225
1868,667,2535,2.800599700149925
1821,620,2441,2.9370967741935483
1617,867,2484,1.8650519031141868
1774,853,2627,2.0797186400937866
1861,683,2544,2.724743777452416
1954,873,2827,2.238258877434135
1988,927,2915,2.144552319309601
1662,910,2572,1.8263736263736263
1631,641,2272,2.5444617784711387
1685,917,2602,1.8375136314067613
1656,648,2304,2.5555555555555554
1936,968,2904,2.0
1923,879,2802,2.1877133105802047
1708,688,2396,2.4825581395348837
1889,621,2510,3.0418679549114334
1679,817,2496,2.055079559363525
1701,599,2300,2.8397328881469117
1943,953,2896,2.0388247639034627
1665,537,2202,3.100558659217877
1770,803,2573,2.204234122042341
1890,710,2600,2.6619718309859155
1950,748,2698,2.606951871657754
1600,701,2301,2.282453637660485
1900,898,2798,2.115812917594655
1776,900,2676,1.9733333333333334
1863,951,2814,1.9589905362776026
1807,696,2503,2.596264367816092
1939,527,2466,3.6793168880455407
1810,511,2321,3.5420743639921723
1969,662,2631,2.974320241691843
1657,693,2350,2.391053391053391
1753,816,2569,2.1482843137254903
1612,626,2238,2.5750798722044728
1917,513,2430,3.736842105263158
1686,955,2641,1.7654450261780106
1670,966,2636,1.7287784679089027
1811,666,2477,2.719219219219219
1940,925,2865,2.097297297297297
1748,566,2314,3.088339222614841
1723,775,2498,2.223225806451613
1759,831,2590,2.1167268351383877
1716,591,2307,2.9035532994923856
1861,941,2802,1.977683315621679
1884,918,2802,2.052287581699346
1766,692,2458,2.552023121387283
1797,566,2363,3.174911660777385
1876,582,2458,3.223367697594502
1784,621,2405,2.8727858293075683
1993,782,2775,2.5485933503836318
1886,789,2675,2.390367553865653
1701,530,2231,3.209433962264151
1801,718,2519,2.5083565459610027
1722,901,2623,1.9112097669256383
1960,530,2490,3.69811320754717
1696,615,2311,2.7577235772357724
1651,734,2385,2.249318801089918
1905,546,2451,3.489010989010989
1684,836,2520,2.014354066985646
1701,684,2385,2.486842105263158
1919,713,2632,2.691444600280505
1970,501,2471,3.932135728542914
1638,518,2156,3.1621621621621623
1615,521,2136,3.0998080614203456
1917,675,2592,2.84
1980,881,2861,2.2474460839954595
1748,856,2604,2.042056074766355
1716,504,2220,3.4047619047619047
1771,665,2436,2.663157894736842
1808,721,2529,2.5076282940360612
1679,844,2523,1.9893364928909953
1954,939,2893,2.080937167199148
1777,601,2378,2.956738768718802
1625,888,2513,1.829954954954955
1677,526,2203,3.188212927756654
1996,904,2900,2.2079646017699117
1939,665,2604,2.9157894736842107
1693,891,2584,1.9001122334455667
1799,740,2539,2.4310810810810812
1720,849,2569,2.025912838633687
1681,627,2308,2.6810207336523124
1839,793,2632,2.3190416141235812
1965,795,2760,2.4716981132075473
1649,921,2570,1.790445168295331
1694,669,2363,2.532137518684604
1824,778,2602,2.3444730077120823
1638,993,2631,1.649546827794562
1626,793,2419,2.050441361916772
1948,760,2708,2.5631578947368423
1909,674,2583,2.8323442136498516
1979,835,2814,2.3700598802395207
1777,643,2420,2.7636080870917574
1706,816,2522,2.090686274509804
1942,859,2801,2.260768335273574
1917,901,2818,2.1276359600443953
1737,579,2316,3.0
1813,654,2467,2.77217125382263
1988,831,2819,2.392298435619735
1644,611,2255,2.690671031096563
1892,537,2429,3.5232774674115457
1673,598,2271,2.797658862876254
1732,744,2476,2.327956989247312
1630,861,2491,1.8931475029036005
1716,804,2520,2.1343283582089554
1846,564,2410,3.273049645390071
1799,666,2465,2.701201201201201
1924,1000,2924,1.924
1743,961,2704,1.813735691987513
1989,860,2849,2.312790697674419
1797,860,2657,2.08953488372093
1950,782,2732,2.493606138107417
1974,599,2573,3.295492487479132
1928,841,2769,2.2925089179548155
1880,723,2603,2.600276625172891
1650,923,2573,1.7876489707475622
1778,686,2464,2.5918367346938775
1677,718,2395,2.3356545961002784
1736,912,2648,1.9035087719298245
1744,946,2690,1.8435517970401691
1846,652,2498,2.831288343558282
1971,875,2846,2.2525714285714287
1788,633,2421,2.824644549763033
1960,635,2595,3.0866141732283463
1904,855,2759,2.2269005847953216
1653,710,2363,2.328169014084507
1972,891,2863,2.21324354657688
1608,819,2427,1.9633699633699633
1693,983,2676,1.7222787385554426
1710,951,2661,1.7981072555205047
1756,989,2745,1.775530839231547
1912,814,2726,2.348894348894349
1893,840,2733,2.2535714285714286
1746,697,2443,2.505021520803443
1623,876,2499,1.8527397260273972
1803,665,2468,2.7112781954887217
1732,746,2478,2.32171581769437
1717,853,2570,2.0128956623681127
1690,666,2356,2.5375375375375375
1914,998,2912,1.9178356713426854
1936,501,2437,3.8642714570858283
1717,805,2522,2.1329192546583853
1894,646,2540,2.931888544891641
1748,977,2725,1.7891504605936541
1747,888,2635,1.9673423423423424
1988,776,2764,2.5618556701030926
1882,517,2399,3.640232108317215
1763,605,2368,2.9140495867768594
1945,580,2525,3.353448275862069
1959,971,2930,2.0175077239958807
1820,592,2412,3.074324324324324
1787,542,2329,3.2970479704797047
1700,791,2491,2.1491782553729455
1826,687,2513,2.6579330422125182
1890,947,2837,1.9957761351636747
1985,800,2785,2.48125
1720,916,2636,1.8777292576419213
1947,803,2750,2.4246575342465753
1899,642,2541,2.957943925233645
1750,928,2678,1.8857758620689655
1943,987,2930,1.9685916919959474
1976,723,2699,2.7330567081604427
1871,951,2822,1.9674027339642481
1829,707,2536,2.586987270155587
1651,605,2256,2.728925619834711
1792,926,2718,1.9352051835853132
1852,513,2365,3.6101364522417154
1720,730,2450,2.356164383561644
1921,500,2421,3.842
1935,971,2906,1.992790937178167
1866,798,2664,2.338345864661654
1931,813,2744,2.3751537515375154
1728,803,2531,2.151930261519303
1752,760,2512,2.305263157894737
1933,614,2547,3.1482084690553744
1846,767,2613,2.406779661016949
1871,974,2845,1.9209445585215605
1631,593,2224,2.7504215851602023
1805,556,2361,3.2464028776978417
1943,851,2794,2.283196239717979
1676,693,2369,2.4184704184704184
1750,774,2524,2.260981912144703
1636,544,2180,3.0073529411764706
1924,626,2550,3.073482428115016
1973,909,2882,2.1705170517051706
1661,780,2441,2.1294871794871795
1639,662,2301,2.47583081570997
1717,636,2353,2.699685534591195
1641,805,2446,2.0385093167701864
1891,507,2398,3.7297830374753453
1899,813,2712,2.3357933579335795
1812,665,2477,2.724812030075188
1962,637,2599,3.0800627943485086
1914,598,2512,3.20066889632107
1990,837,2827,2.3775388291517325
1906,812,2718,2.3472906403940885
1891,525,2416,3.6019047619047617
1672,600,2272,2.7866666666666666
1825,918,2743,1.9880174291938997
1967,772,2739,2.5479274611398965
1732,682,2414,2.5395894428152492
1913,921,2834,2.0770901194353963
1985,687,2672,2.8893740902474527
1658,880,2538,1.884090909090909
1664,895,2559,1.859217877094972
1789,700,2489,2.5557142857142856
1804,601,2405,3.0016638935108153
1862,626,2488,2.97444089456869
1997,913,2910,2.1872946330777654
1897,601,2498,3.156405990016639
1829,575,2404,3.1808695652173915
1881,943,2824,1.994697773064687
1899,904,2803,2.100663716814159
1713,623,2336,2.749598715890851
1734,831,2565,2.0866425992779782
1920,754,2674,2.546419098143236
1668,973,2641,1.7142857142857142
1915,744,2659,2.5739247311827955
1802,708,2510,2.5451977401129944
1892,915,2807,2.06775956284153
1722,760,2482,2.2657894736842104
1620,775,2395,2.0903225806451613
1797,981,2778,1.8318042813455657
1738,624,2362,2.78525641025641
1804,519,2323,3.4759152215799616
1895,735,2630,2.578231292517007
1934,863,2797,2.2410196987253768
1979,604,2583,3.2764900662251657
1815,944,2759,1.9226694915254237
1932,580,2512,3.331034482758621
1854,802,2656,2.311720698254364
1647,721,2368,2.2843273231622745
1954,790,2744,2.473417721518987
1649,638,2287,2.584639498432602
1849,853,2702,2.167643610785463
1717,620,2337,2.7693548387096776
1920,895,2815,2.1452513966480447
1790,684,2474,2.6169590643274856
1714,501,2215,3.4211576846307383
1974,581,2555,3.397590361445783
1758,977,2735,1.7993858751279428
1853,859,2712,2.157159487776484
1985,816,2801,2.4325980392156863
1762,590,2352,2.986440677966102
1911,746,2657,2.5616621983914207
1894,579,2473,3.2711571675302245
1694,790,2484,2.1443037974683543
1666,682,2348,2.442815249266862
1693,823,2516,2.057108140947752
1636,621,2257,2.634460547504026
1800,859,2659,2.0954598370197903
1806,944,2750,1.9131355932203389
1615,849,2464,1.9022379269729093
1996,516,2512,3.868217054263566
1622,644,2266,2.518633540372671
1702,894,2596,1.9038031319910516
1887,642,2529,2.939252336448598
1867,536,2403,3.4832089552238807
1855,832,2687,2.2295673076923075
1979,956,2935,2.0700836820083683
1617,777,2394,2.081081081081081
1955,657,2612,2.975646879756469
1748,896,2644,1.9508928571428572
1717,666,2383,2.578078078078078
1980,883,2863,2.242355605889015
1990,730,2720,2.7260273972602738
1977,684,2661,2.8903508771929824
1778,793,2571,2.2421185372005046
1653,560,2213,2.9517857142857142
1811,502,2313,3.6075697211155378
1642,963,2605,1.7050882658359294
1772,641,2413,2.764430577223089
1857,940,2797,1.975531914893617
1720,887,2607,1.939120631341601
1919,816,2735,2.3517156862745097
1615,619,2234,2.6090468497576738
1875,993,2868,1.8882175226586102
1927,696,2623,2.7686781609195403
1902,515,2417,3.6932038834951455
1914,723,2637,2.6473029045643153
1775,513,2288,3.460038986354776
1639,963,2602,1.7019730010384215
1939,605,2544,3.2049586776859504
1799,742,2541,2.4245283018867925
1909,717,2626,2.6624825662482565
1950,929,2879,2.0990312163616793
1933,804,2737,2.404228855721393
1939,965,2904,2.0093264248704665
1951,903,2854,2.1605758582502768
1824,959,2783,1.9019812304483836
1786,737,2523,2.423337856173677
1667,501,2168,3.3273453093812377
1992,902,2894,2.2084257206208426
1960,503,2463,3.89662027833002
1917,756,2673,2.5357142857142856
1607,981,2588,1.638124362895005
1704,682,2386,2.498533724340176
1669,637,2306,2.620094191522763
1899,990,2889,1.9181818181818182
1984,770,2754,2.5766233766233766
1722,613,2335,2.809135399673736
1865,940,2805,1.9840425531914894
1661,638,2299,2.603448275862069
1803,822,2625,2.1934306569343067
1810,789,2599,2.29404309252218
1685,553,2238,3.0470162748643763
1847,769,2616,2.401820546163849
1727,985,2712,1.7532994923857868
1822,702,2524,2.5954415954415953
1999,782,2781,2.5562659846547313
1767,608,2375,2.90625
1682,814,2496,2.0663390663390664
1832,641,2473,2.858034321372855
1614,772,2386,2.0906735751295336
1649,810,2459,2.0358024691358025
1861,566,2427,3.2879858657243815
1710,594,2304,2.878787878787879
1667,556,2223,2.9982014388489207
1896,507,2403,3.739644970414201
1977,771,2748,2.5642023346303504
1646,917,2563,1.7949836423118866
1662,745,2407,2.2308724832214764
1671,514,2185,3.2509727626459144
1921,678,2599,2.8333333333333335
1947,869,2816,2.240506329113924
1832,969,2801,1.890608875128999
1608,714,2322,2.2521008403361344
1843,933,2776,1.9753483386923902
1974,975,2949,2.0246153846153847
1904,648,2552,2.9382716049382718
1946,781,2727,2.491677336747759
1711,659,2370,2.5963581183611533
1846,749,2595,2.4646194926568756
1801,858,2659,2.099067599067599
1844,602,2446,3.0631229235880397
1809,681,2490,2.656387665198238
1755,747,2502,2.3493975903614457
1873,960,2833,1.9510416666666666
1676,773,2449,2.168175937904269
1966,579,2545,3.395509499136442
1845,839,2684,2.199046483909416
1648,726,2374,2.2699724517906334
1643,561,2204,2.928698752228164
1711,868,2579,1.9711981566820276
1908,611,2519,3.1227495908346974
1776,874,2650,2.0320366132723113
1618,594,2212,2.723905723905724
1953,589,2542,3.3157894736842106
1966,547,2513,3.5941499085923216
1776,617,2393,2.8784440842787684
1633,900,2533,1.8144444444444445
1705,529,2234,3.223062381852552
1721,748,2469,2.300802139037433
1685,694,2379,2.4279538904899134
1867,981,2848,1.9031600407747196
1649,685,2334,2.4072992700729925
1835,883,2718,2.0781426953567386
1859,983,2842,1.891149542217701
1904,966,2870,1.9710144927536233
1638,520,2158,3.15
1743,856,2599,2.036214953271028
1763,972,2735,1.8137860082304527
1722,615,2337,2.8
1837,762,2599,2.410761154855643
1845,530,2375,3.481132075471698
1844,708,2552,2.6045197740112993
1616,869,2485,1.859608745684695
1898,810,2708,2.34320987654321
1963,539,2502,3.641929499072356
1614,629,2243,2.5659777424483305
1710,963,2673,1.7757009345794392
1976,612,2588,3.2287581699346406
1926,744,2670,2.588709677419355
1813,684,2497,2.6505847953216373
1805,646,2451,2.7941176470588234
1618,740,2358,2.1864864864864866
1880,892,2772,2.10762331838565
1861,956,2817,1.9466527196652719
1750,882,2632,1.9841269841269842
1725,573,2298,3.0104712041884816
1970,593,2563,3.3220910623946036
1797,743,2540,2.4185733512786003
1860,921,2781,2.019543973941368
1704,818,2522,2.0831295843520783
1744,709,2453,2.459802538787024
1739,865,2604,2.0104046242774567
1786,986,2772,1.8113590263691683
1661,808,2469,2.0556930693069306
1902,842,2744,2.2589073634204277
1696,611,2307,2.775777414075286
1746,613,2359,2.8482871125611746
1741,722,2463,2.4113573407202216
1893,682,2575,2.775659824046921
1986,791,2777,2.5107458912768648
1901,801,2702,2.3732833957553057
1879,986,2865,1.9056795131845843
1659,534,2193,3.106741573033708
1837,981,2818,1.872579001019368
1834,530,2364,3.460377358490566
1928,1000,2928,1.928
1956,910,2866,2.1494505494505494
1608,774,2382,2.0775193798449614
1704,759,2463,2.2450592885375493
1661,885,2546,1.8768361581920905
1730,617,2347,2.8038897893030796
1963,894,2857,2.1957494407158835
1968,500,2468,3.936
1937,770,2707,2.5155844155844154
1760,970,2730,1.8144329896907216
1947,966,2913,2.015527950310559
1798,796,2594,2.258793969849246
1997,834,2831,2.394484412470024
1785,877,2662,2.0353477765108323
1928,785,2713,2.4560509554140126
1914,870,2784,2.2
1664,571,2235,2.914185639229422
1927,757,2684,2.5455746367239103
1757,897,2654,1.9587513935340022
1895,897,2792,2.112597547380156
1943,999,2942,1.944944944944945
1965,583,2548,3.3704974271012005
1678,766,2444,2.1906005221932117
1890,943,2833,2.00424178154825
1690,914,2604,1.8490153172866521
1602,881,2483,1.8183881952326901
1714,968,2682,1.7706611570247934
1784,574,2358,3.1080139372822297
1663,662,2325,2.512084592145015
1807,791,2598,2.2844500632111253
1743,915,2658,1.9049180327868853
1678,931,2609,1.8023630504833512
1977,904,2881,2.186946902654867
1860,543,2403,3.425414364640884
1959,757,2716,2.5878467635402904
1694,741,2435,2.2860998650472335
1858,967,2825,1.921406411582213
1655,501,2156,3.3033932135728543
1998,753,2751,2.653386454183267
1720,547,2267,3.1444241316270567
1611,742,2353,2.1711590296495955
1660,681,2341,2.437591776798825
1737,877,2614,1.9806157354618017
1645,648,2293,2.5385802469135803
1820,798,2618,2.280701754385965
1620,614,2234,2.6384364820846904
1775,595,2370,2.9831932773109244
1975,892,2867,2.2141255605381165
1778,756,2534,2.3518518518518516
1735,516,2251,3.362403100775194
1852,505,2357,3.6673267326732675
1688,803,2491,2.1021170610211706
1647,711,2358,2.3164556962025316
1758,891,2649,1.973063973063973
1821,668,2489,2.7260479041916166
1841,980,2821,1.8785714285714286
1963,943,2906,2.0816542948038177
1682,637,2319,2.6405023547880693
1804,567,2371,3.181657848324515
1991,542,2533,3.6734317343173433
1844,685,2529,2.691970802919708
1747,735,2482,2.3768707482993197
1782,864,2646,2.0625
1667,679,2346,2.455081001472754
1992,946,2938,2.105708245243129
1650,909,2559,1.8151815181518152
1767,907,2674,1.948180815876516
1985,992,2977,2.001008064516129
1824,634,2458,2.8769716088328074
1764,683,2447,2.5827232796486093
1955,719,2674,2.7190542420027817
1772,538,2310,3.2936802973977697
1964,658,2622,2.9848024316109423
1831,770,2601,2.377922077922078
1945,873,2818,2.22794959908362
1838,609,2447,3.0180623973727423
1649,545,2194,3.0256880733944955
1923,576,2499,3.3385416666666665
1697,617,2314,2.7504051863857373
1926,838,2764,2.2983293556085918
1761,813,2574,2.1660516605166054
1756,884,2640,1.9864253393665159
1783,946,2729,1.8847780126849893
1982,892,2874,2.2219730941704037
1836,628,2464,2.9235668789808917
1678,742,2420,2.261455525606469
1808,908,2716,1.9911894273127753
1708,827,2535,2.065296251511487
1997,582,2579,3.43127147766323
1635,882,2517,1.8537414965986394
1684,688,2372,2.447674418604651
1980,972,2952,2.037037037037037
1617,669,2286,2.4170403587443947
1986,693,2679,2.865800865800866
1790,977,2767,1.8321392016376663
1801,670,2471,2.6880597014925374
1619,922,2541,1.7559652928416485
1777,968,2745,1.8357438016528926
1852,767,2619,2.4146023468057365
1625,921,2546,1.764386536373507
1706,502,2208,3.398406374501992
1667,975,2642,1.7097435897435898
1630,503,2133,3.2405566600397613
1671,745,2416,2.242953020134228
1702,904,2606,1.8827433628318584
1621,675,2296,2.4014814814814813
1607,811,2418,1.9815043156596794
1834,872,2706,2.103211009174312
1838,842,2680,2.182897862232779
1764,917,2681,1.9236641221374047
1832,554,2386,3.306859205776173
1998,565,2563,3.5362831858407078
1987,982,2969,2.023421588594705
1754,787,2541,2.2287166454891993
1682,516,2198,3.25968992248062
1717,871,2588,1.9712973593570609
1925,999,2924,1.926926926926927
1982,509,2491,3.893909626719057
1780,696,2476,2.557471264367816
1833,512,2345,3.580078125
1757,658,2415,2.6702127659574466
1763,661,2424,2.6671709531013614
1644,722,2366,2.2770083102493075
1902,622,2524,3.057877813504823
1761,945,2706,1.8634920634920635
1839,525,2364,3.5028571428571427
1658,585,2243,2.8341880341880343
1668,598,2266,2.789297658862876
1807,639,2446,2.827856025039124
1882,906,2788,2.077262693156733
1809,705,2514,2.5659574468085107
1756,568,2324,3.091549295774648
1908,847,2755,2.2526564344746163
1988,845,2833,2.3526627218934912
1858,964,2822,1.9273858921161826
1829,561,2390,3.2602495543672014
1602,619,2221,2.5880452342487885
1654,530,2184,3.120754716981132
1672,966,2638,1.730848861283644
1627,808,2435,2.0136138613861387
1618,917,2535,1.7644492911668483
1821,581,2402,3.134251290877797
1882,570,2452,3.3017543859649123
1885,926,2811,2.035637149028078
1769,991,2760,1.7850655903128154
1955,535,2490,3.6542056074766354
1607,674,2281,2.384272997032641
1819,784,2603,2.32015306122449
1893,816,2709,2.3198529411764706
1642,660,2302,2.487878787878788
1983,564,2547,3.515957446808511
1679,760,2439,2.2092105263157893
1757,500,2257,3.514
1871,597,2468,3.134003350083752
1697,837,2534,2.027479091995221
1769,666,2435,2.656156156156156
1998,676,2674,2.955621301775148
1795,796,2591,2.2550251256281406
1899,688,2587,2.760174418604651
1656,667,2323,2.4827586206896552
1987,708,2695,2.806497175141243
1737,755,2492,2.300662251655629
1806,787,2593,2.2947903430749683
1912,916,2828,2.087336244541485
1819,857,2676,2.122520420070012
1870,784,2654,2.385204081632653
1685,725,2410,2.3241379310344827
1839,772,2611,2.3821243523316062
1602,618,2220,2.592233009708738
1763,764,2527,2.3075916230366493
1677,876,2553,1.9143835616438356
1860,601,2461,3.0948419301164725
1700,751,2451,2.263648468708389
1892,629,2521,3.0079491255961845
1758,756,2514,2.3253968253968256
1673,912,2585,1.8344298245614035
1850,926,2776,1.9978401727861772
1692,948,2640,1.7848101265822784
1879,573,2452,3.2792321116928447
1657,610,2267,2.716393442622951
1949,828,2777,2.353864734299517
1654,705,2359,2.346099290780142
1850,875,2725,2.1142857142857143
1761,554,2315,3.17870036101083
1797,963,2760,1.8660436137071652
1960,536,2496,3.656716417910448
1764,515,2279,3.425242718446602
1825,854,2679,2.1370023419203745
1816,699,2515,2.5979971387696708
1904,931,2835,2.045112781954887
1726,676,2402,2.5532544378698225
1966,970,2936,2.02680412371134
1769,993,2762,1.7814702920443102
1722,650,2372,2.649230769230769
1762,548,2310,3.2153284671532845
1914,665,2579,2.8781954887218046
1809,700,2509,2.584285714285714
1735,960,2695,1.8072916666666667
1614,796,2410,2.027638190954774
1674,583,2257,2.8713550600343054
1815,959,2774,1.8925964546402503
1782,635,2417,2.806299212598425
1780,609,2389,2.922824302134647
1659,635,2294,2.6125984251968504
1780,818,2598,2.176039119804401
1994,747,2741,2.6693440428380186
1943,791,2734,2.4563843236409606
1764,586,2350,3.0102389078498293
1797,713,2510,2.520336605890603
1860,888,2748,2.0945945945945947
1942,895,2837,2.1698324022346367
1999,715,2714,2.795804195804196
1948,965,2913,2.0186528497409326
1990,757,2747,2.628797886393659
1661,670,2331,2.47910447761194
1904,687,2591,2.7714701601164484
1854,856,2710,2.1658878504672896
1821,731,2552,2.491108071135431
1804,523,2327,3.4493307839388145
1869,621,2490,3.0096618357487923
1972,612,2584,3.2222222222222223
1750,937,2687,1.8676627534685166
1636,508,2144,3.220472440944882
1608,512,2120,3.140625
1965,742,2707,2.6482479784366575
1622,511,2133,3.1741682974559686
1827,1000,2827,1.827
1712,870,2582,1.967816091954023
1621,804,2425,2.0161691542288556
1625,743,2368,2.1870794078061913
1692,803,2495,2.107098381070984
1957,929,2886,2.106566200215285
1890,534,2424,3.539325842696629
1918,642,2560,2.987538940809969
1903,591,2494,3.2199661590524533
1786,956,2742,1.8682008368200838
1951,883,2834,2.2095130237825593
1831,756,2587,2.421957671957672
1879,543,2422,3.460405156537753
1720,987,2707,1.7426545086119554
1603,964,2567,1.6628630705394192
1876,782,2658,2.398976982097187
1695,516,2211,3.2848837209302326
1798,606,2404,2.966996699669967
1856,900,2756,2.062222222222222
1761,944,2705,1.8654661016949152
1771,867,2638,2.0426758938869667
1667,539,2206,3.0927643784786643
1745,771,2516,2.2632944228274967
1692,902,2594,1.875831485587583
1955,655,2610,2.984732824427481
1836,738,2574,2.4878048780487805
1601,715,2316,2.239160839160839
1865,664,2529,2.808734939759036
1951,889,2840,2.1946006749156357
1695,784,2479,2.1619897959183674
1758,580,2338,3.0310344827586206
1920,667,2587,2.87856071964018
1638,654,2292,2.5045871559633026
1907,559,2466,3.4114490161001787
1766,731,2497,2.415868673050616
1678,920,2598,1.8239130434782609
1727,658,2385,2.6246200607902734
1711,976,2687,1.7530737704918034
1827,777,2604,2.3513513513513513
1724,842,2566,2.0475059382422804
1815,864,2679,2.1006944444444446
1887,839,2726,2.2491060786650774
1773,930,2703,1.9064516129032258
1911,703,2614,2.7183499288762447
1647,771,2418,2.1361867704280155
1627,890,2517,1.8280898876404494
1616,796,2412,2.030150753768844
1807,684,2491,2.641812865497076
1841,738,2579,2.494579945799458
1923,696,2619,2.7629310344827585
1698,973,2671,1.7451181911613567
1925,681,2606,2.826725403817915
1927,695,2622,2.772661870503597
1952,523,2475,3.7323135755258128
1802,910,2712,1.9802197802197803
1700,731,2431,2.3255813953488373
1770,617,2387,2.8687196110210698
1765,562,2327,3.1405693950177938
1601,894,2495,1.79082774049217
1723,715,2438,2.4097902097902097
1804,776,2580,2.3247422680412373
1965,735,2700,2.673469387755102
1903,546,2449,3.4853479853479854
1887,978,2865,1.9294478527607362
1846,868,2714,2.1267281105990783
1834,875,2709,2.096
1974,933,2907,2.1157556270096465
1830,645,2475,2.8372093023255816
1731,955,2686,1.8125654450261781
1691,553,2244,3.057866184448463
1872,525,2397,3.565714285714286
1824,849,2673,2.148409893992933
1625,887,2512,1.8320180383314544
1799,676,2475,2.661242603550296
1613,742,2355,2.173854447439353
1933,943,2876,2.0498409331919407
1905,811,2716,2.3489519112207153
1869,744,2613,2.5120967741935485
1772,794,2566,2.2317380352644838
1847,748,2595,2.4692513368983957
1993,578,2571,3.4480968858131487
1686,934,2620,1.8051391862955033
1603,676,2279,2.371301775147929
1664,996,2660,1.6706827309236947
1720,619,2339,2.778675282714055
1748,735,2483,2.3782312925170066
1700,600,2300,2.8333333333333335
1698,788,2486,2.1548223350253806
1621,872,2493,1.8589449541284404
1826,755,2581,2.418543046357616
1624,608,2232,2.6710526315789473
1735,679,2414,2.555228276877761
1644,954,2598,1.7232704402515724
1659,888,2547,1.8682432432432432
1790,555,2345,3.225225225225225
1693,908,2601,1.8645374449339207
1635,888,2523,1.8412162162162162
1976,685,2661,2.884671532846715
1817,511,2328,3.5557729941291587
1875,538,2413,3.4851301115241635
1604,685,2289,2.3416058394160584
1730,757,2487,2.2853368560105682
1917,863,2780,2.2213209733487833
1941,823,2764,2.3584447144592953
1783,544,2327,3.2775735294117645
1887,919,2806,2.0533188248095757
1913,837,2750,2.2855436081242533
1684,628,2312,2.6815286624203822
1615,909,2524,1.7766776677667766
1956,977,2933,2.0020470829068575
1748,932,2680,1.8755364806866952
1826,541,2367,3.3752310536044363
1676,811,2487,2.066584463625154
1621,829,2450,1.9553679131483714
1737,990,2727,1.7545454545454546
1838,844,2682,2.177725118483412
1754,538,2292,3.2602230483271377
1890,531,2421,3.559322033898305
1654,677,2331,2.4431314623338256
1893,762,2655,2.484251968503937
1659,719,2378,2.3073713490959666
1782,818,2600,2.1784841075794623
1794,677,2471,2.649926144756278
1793,647,2440,2.7712519319938176
1624,963,2587,1.6863966770508827
1997,694,2691,2.877521613832853
1600,778,2378,2.056555269922879
1619,536,2155,3.0205223880597014
1935,745,2680,2.597315436241611
1656,882,2538,1.8775510204081634
1827,707,2534,2.5841584158415842
1677,966,2643,1.736024844720497
1692,860,2552,1.9674418604651163
1937,831,2768,2.3309265944645006
1898,500,2398,3.796
1779,628,2407,2.832802547770701
1680,684,2364,2.456140350877193
1651,882,2533,1.8718820861678005
1758,704,2462,2.497159090909091
1697,887,2584,1.9131905298759864
1956,848,2804,2.306603773584906
1897,985,2882,1.9258883248730965
1977,719,2696,2.7496522948539637
1959,885,2844,2.2135593220338983
1865,607,2472,3.072487644151565
1668,701,2369,2.3794579172610555
1691,809,2500,2.0902348578491967
1815,571,2386,3.178633975481611
1617,635,2252,2.546456692913386
1804,615,2419,2.933333333333333
1636,724,2360,2.2596685082872927
1688,657,2345,2.5692541856925417
1876,748,2624,2.5080213903743314
1844,645,2489,2.8589147286821706
1647,914,2561,1.801969365426696
1739,536,2275,3.2444029850746268
1727,622,2349,2.7765273311897105
1779,712,2491,2.4985955056179776
1808,547,2355,3.3053016453382082
1673,649,2322,2.5778120184899844
1650,591,2241,2.7918781725888326
1935,582,2517,3.3247422680412373
1824,853,2677,2.138335287221571
1815,993,2808,1.8277945619335347
1882,572,2454,3.2902097902097904
1935,807,2742,2.3977695167286246
1948,506,2454,3.849802371541502
1844,706,2550,2.6118980169971673
1959,904,2863,2.1670353982300883
1754,825,2579,2.126060606060606
1941,812,2753,2.3903940886699506
1608,811,2419,1.9827373612823675
1886,502,2388,3.756972111553785
1700,838,2538,2.028639618138425
1851,720,2571,2.5708333333333333
1982,916,2898,2.163755458515284
1646,780,2426,2.1102564102564103
1626,876,2502,1.856164383561644
1805,696,2501,2.593390804597701
1985,594,2579,3.3417508417508417
1866,604,2470,3.089403973509934
1756,590,2346,2.976271186440678
1870,975,2845,1.917948717948718
1818,907,2725,2.0044101433296584
1672,583,2255,2.8679245283018866
1953,841,2794,2.3222354340071343
1607,568,2175,2.829225352112676
1723,980,2703,1.7581632653061225
1601,607,2208,2.6375617792421746
1770,837,2607,2.1146953405017923
1890,828,2718,2.282608695652174
1778,730,2508,2.4356164383561643
1674,605,2279,2.7669421487603305
1637,730,2367,2.2424657534246575
1983,589,2572,3.366723259762309
1820,625,2445,2.912
1682,853,2535,1.9718640093786635
1855,833,2688,2.226890756302521
1678,656,2334,2.557926829268293
1855,864,2719,2.146990740740741
1853,995,2848,1.8623115577889446
1795,649,2444,2.7657935285053927
1759,509,2268,3.4557956777996073
1914,913,2827,2.0963855421686746
1650,772,2422,2.1373056994818653
1893,909,2802,2.0825082508250827
1694,861,2555,1.967479674796748
1737,584,2321,2.9743150684931505
1931,811,2742,2.381011097410604
1791,766,2557,2.338120104438642
1817,792,2609,2.294191919191919
1619,791,2410,2.0467762326169407
1717,990,2707,1.7343434343434343
1904,967,2871,1.968976215098242
1960,832,2792,2.355769230769231
1882,976,2858,1.9282786885245902
1747,692,2439,2.5245664739884393
1672,788,2460,2.1218274111675126
1664,595,2259,2.7966386554621847
1953,783,2736,2.4942528735632186
1929,811,2740,2.3785450061652282
1750,701,2451,2.4964336661911557
1726,641,2367,2.6926677067082685
1948,699,2647,2.786838340486409
1671,512,2183,3.263671875
1881,878,2759,2.142369020501139
1646,525,2171,3.1352380952380954
1797,516,2313,3.4825581395348837
1714,665,2379,2.5774436090225565
1735,543,2278,3.1952117863720075
1841,675,2516,2.7274074074074073
1733,826,2559,2.098062953995157
1847,516,2363,3.5794573643410854
1956,897,2853,2.180602006688963
1673,897,2570,1.8651059085841695
1774,586,2360,3.0273037542662116
1911,649,2560,2.9445300462249615
1731,523,2254,3.3097514340344167
1896,617,2513,3.072933549432739
1797,650,2447,2.7646153846153845
1881,715,2596,2.6307692307692307
1661,797,2458,2.084065244667503
1755,976,2731,1.798155737704918
1953,576,2529,3.390625
1761,696,2457,2.5301724137931036
1612,867,2479,1.859284890426759
1881,747,2628,2.5180722891566263
1940,984,2924,1.9715447154471544
1709,980,2689,1.743877551020408
1831,999,2830,1.832832832832833
1651,908,2559,1.8182819383259912
1761,874,2635,2.01487414187643
1705,895,2600,1.905027932960894
1792,634,2426,2.826498422712934
1604,868,2472,1.847926267281106
1886,632,2518,2.9841772151898733
1818,573,2391,3.1727748691099475
1786,983,2769,1.8168870803662258
1657,741,2398,2.2361673414304994
1944,888,2832,2.189189189189189
1695,942,2637,1.7993630573248407
1802,787,2589,2.289707750952986
1688,815,2503,2.071165644171779
1934,800,2734,2.4175
1627,800,2427,2.03375
1832,985,2817,1.8598984771573603
1621,830,2451,1.953012048192771
1899,777,2676,2.444015444015444
1932,533,2465,3.624765478424015
1920,597,2517,3.2160804020100504
1963,759,2722,2.5862977602108037
1697,928,2625,1.8286637931034482
1921,705,2626,2.724822695035461
1650,766,2416,2.154046997389034
1830,903,2733,2.026578073089701
1654,721,2375,2.294036061026352
1666,899,2565,1.8531701890989989
1839,690,2529,2.6652173913043478
1916,545,2461,3.5155963302752293
1917,782,2699,2.4514066496163682
1659,688,2347,2.4113372093023258
1717,594,2311,2.8905723905723906
1955,1000,2955,1.955
1945,632,2577,3.0775316455696204
1987,927,2914,2.1434735706580366
1808,993,2801,1.8207452165156093
1960,977,2937,2.006141248720573
1670,734,2404,2.2752043596730247
1875,518,2393,3.6196911196911197
1820,711,2531,2.559774964838256
1885,874,2759,2.15675057208238
1973,503,2476,3.9224652087475147
1838,916,2754,2.006550218340611
1646,527,2173,3.123339658444023
1736,759,2495,2.287220026350461
1942,699,2641,2.7782546494992846
1896,873,2769,2.1718213058419242
1904,880,2784,2.1636363636363636
1638,601,2239,2.725457570715474
1755,883,2638,1.9875424688561723
1672,960,2632,1.7416666666666667
1986,860,2846,2.3093023255813954
1707,867,2574,1.9688581314878892
1932,578,2510,3.342560553633218
1869,513,2382,3.6432748538011697
1615,810,2425,1.9938271604938271
1927,720,2647,2.676388888888889
1670,993,2663,1.6817724068479356
1986,956,2942,2.077405857740586
1714,628,2342,2.729299363057325
1670,656,2326,2.5457317073170733
1799,885,2684,2.0327683615819208
1717,899,2616,1.9098998887652947
1726,541,2267,3.190388170055453
1632,840,2472,1.9428571428571428
1649,652,2301,2.5291411042944785
1818,678,2496,2.6814159292035398
1954,623,2577,3.1364365971107544
1601,713,2314,2.2454417952314167
1848,696,2544,2.6551724137931036
1864,957,2821,1.9477533960292581
1701,774,2475,2.197674418604651
1952,547,2499,3.5685557586837295
1612,655,2267,2.4610687022900763
1623,611,2234,2.6563011456628476
1703,958,2661,1.7776617954070981
1804,895,2699,2.0156424581005585
1624,959,2583,1.6934306569343065
1761,998,2759,1.7645290581162325
1908,872,2780,2.188073394495413
1937,933,2870,2.0760986066452305
1625,803,2428,2.023661270236613
1701,537,2238,3.1675977653631286
1912,844,2756,2.265402843601896
1852,724,2576,2.5580110497237567
1745,555,2300,3.144144144144144
1939,913,2852,2.1237677984665937
1874,502,2376,3.733067729083665
1870,664,2534,2.816265060240964
1909,528,2437,3.615530303030303
1653,630,2283,2.623809523809524
1875,606,2481,3.094059405940594
1972,906,2878,2.1766004415011038
1672,660,2332,2.533333333333333
1732,916,2648,1.8908296943231442
1693,547,2240,3.0950639853747717
1773,866,2639,2.0473441108545036
1708,756,2464,2.259259259259259
1659,682,2341,2.432551319648094
1879,738,2617,2.546070460704607
1638,696,2334,2.353448275862069
1955,674,2629,2.900593471810089
1890,565,2455,3.3451327433628317
1729,572,2301,3.022727272727273
1675,581,2256,2.882960413080895
1831,556,2387,3.2931654676258995
1899,930,2829,2.041935483870968
1892,592,2484,3.195945945945946
1873,695,2568,2.6949640287769783
1799,704,2503,2.555397727272727
1642,577,2219,2.8457538994800693
1658,978,2636,1.6952965235173825
1753,985,2738,1.7796954314720812
1931,543,2474,3.556169429097606
1919,925,2844,2.0745945945945947
1740,671,2411,2.593144560357675
1973,801,2774,2.463171036204744
1838,812,2650,2.2635467980295565
1723,886,2609,1.9446952595936795
1941,611,2552,3.176759410801964
1831,532,2363,3.441729323308271
1620,910,2530,1.7802197802197801
1851,822,2673,2.2518248175182483
1736,832,2568,2.0865384615384617
1658,655,2313,2.531297709923664
1905,913,2818,2.0865279299014237
1974,560,2534,3.525
1705,994,2699,1.715291750503018
1640,552,2192,2.971014492753623
1865,634,2499,2.941640378548896
1938,936,2874,2.0705128205128207
1774,908,2682,1.9537444933920705
1964,910,2874,2.158241758241758
1889,823,2712,2.2952612393681653
1912,611,2523,3.1292962356792144
1711,836,2547,2.0466507177033493
1625,670,2295,2.425373134328358
1841,510,2351,3.6098039215686275
1821,789,2610,2.307984790874525
1739,634,2373,2.7429022082018926
1887,741,2628,2.5465587044534415
1954,726,2680,2.6914600550964187
1744,907,2651,1.9228224917309813
1901,942,2843,2.0180467091295116
1748,839,2587,2.0834326579261027
1604,991,2595,1.6185671039354188
1981,935,2916,2.118716577540107
1763,823,2586,2.1421628189550423
1994,961,2955,2.0749219562955257
1972,932,2904,2.11587982832618
1877,763,2640,2.4600262123197902
1868,599,2467,3.1185308848080133
1826,1000,2826,1.826
1831,855,2686,2.141520467836257
1945,850,2795,2.288235294117647
1912,860,2772,2.2232558139534886
1914,740,2654,2.5864864864864865
1901,830,2731,2.2903614457831325
1695,994,2689,1.70523138832998
1872,558,2430,3.3548387096774195
1697,743,2440,2.2839838492597577
1892,544,2436,3.4779411764705883
1625,924,2549,1.7586580086580086
1932,923,2855,2.0931744312026
1851,638,2489,2.9012539184952977
1916,807,2723,2.3742255266418835
1999,725,2724,2.757241379310345
1651,846,2497,1.9515366430260048
1619,771,2390,2.099870298313878
1644,650,2294,2.5292307692307694
1792,784,2576,2.2857142857142856
1994,550,2544,3.6254545454545455
1663,948,2611,1.7542194092827004
1892,619,2511,3.0565428109854604
1822,927,2749,1.965480043149946
1981,860,2841,2.3034883720930233
1864,895,2759,2.08268156424581
1736,818,2554,2.122249388753056
1780,594,2374,2.9966329966329965
1759,712,2471,2.470505617977528
1641,563,2204,2.9147424511545292
1915,500,2415,3.83
1786,979,2765,1.8243105209397343
1615,828,2443,1.9504830917874396
1799,731,2530,2.461012311901505
1860,502,2362,3.7051792828685257
1871,518,2389,3.611969111969112
1787,882,2669,2.026077097505669
1795,718,2513,2.5
1669,769,2438,2.1703511053315996
1828,988,2816,1.8502024291497976
1992,791,2783,2.518331226295828
1674,512,2186,3.26953125
1803,604,2407,2.9850993377483444
1908,779,2687,2.449293966623877
1867,986,2853,1.8935091277890466
1740,849,2589,2.049469964664311
1650,873,2523,1.8900343642611683
1992,583,2575,3.416809605488851
1725,508,2233,3.395669291338583
1859,560,2419,3.319642857142857
1925,742,2667,2.5943396226415096
1630,528,2158,3.087121212121212
1914,630,2544,3.038095238095238
1751,844,2595,2.074644549763033
1627,983,2610,1.6551373346897253
1634,908,2542,1.7995594713656389
1950,519,2469,3.7572254335260116
1780,998,2778,1.783567134268537
1618,963,2581,1.6801661474558671
1764,625,2389,2.8224
1792,601,2393,2.9816971713810316
1630,757,2387,2.153236459709379
1893,583,2476,3.2469982847341337
1934,920,2854,2.1021739130434782
1723,616,2339,2.7970779220779223
1705,892,2597,1.9114349775784754
1648,653,2301,2.523736600306279
1673,803,2476,2.083437110834371
1832,775,2607,2.3638709677419354
1927,760,2687,2.5355263157894736
1776,543,2319,3.270718232044199
1723,712,2435,2.419943820224719
1656,717,2373,2.309623430962343
1922,965,2887,1.9917098445595856
1998,567,2565,3.5238095238095237
1649,624,2273,2.6426282051282053
1648,623,2271,2.6452648475120384
1726,980,2706,1.7612244897959184
1718,825,2543,2.0824242424242425
1937,932,2869,2.078326180257511
1976,770,2746,2.566233766233766
1708,891,2599,1.9169472502805835
1800,557,2357,3.2315978456014363
1845,906,2751,2.0364238410596025
1841,820,2661,2.245121951219512
1744,888,2632,1.9639639639639639
1626,705,2331,2.3063829787234043
1981,1000,2981,1.981
1701,684,2385,2.486842105263158
1954,668,2622,2.9251497005988023
1761,709,2470,2.483779971791255
1831,907,2738,2.0187431091510475
1894,866,2760,2.187066974595843
1919,940,2859,2.0414893617021277
1861,518,2379,3.5926640926640925
1724,923,2647,1.867822318526544
1709,806,2515,2.120347394540943
1922,503,2425,3.8210735586481115
1857,972,2829,1.9104938271604939
1642,595,2237,2.7596638655462185
1794,636,2430,2.8207547169811322
1850,945,2795,1.9576719576719577
1999,559,2558,3.5760286225402504
1767,899,2666,1.9655172413793103
1936,683,2619,2.834553440702782
1673,600,2273,2.7883333333333336
1932,682,2614,2.832844574780059
1808,904,2712,2.0
1666,840,2506,1.9833333333333334
1821,870,2691,2.093103448275862
1727,632,2359,2.732594936708861
1683,581,2264,2.8967297762478483
1835,912,2747,2.012061403508772
1910,546,2456,3.498168498168498
1791,684,2475,2.6184210526315788
1643,527,2170,3.1176470588235294
1990,626,2616,3.1789137380191694
1701,932,2633,1.8251072961373391
1941,711,2652,2.729957805907173
1829,776,2605,2.356958762886598
1631,853,2484,1.9120750293083235
1755,606,2361,2.896039603960396
1797,699,2496,2.570815450643777
1697,602,2299,2.818936877076412
1645,546,2191,3.0128205128205128
1929,664,2593,2.9051204819277108
1816,750,2566,2.421333333333333
1793,812,2605,2.208128078817734
1632,625,2257,2.6112
1767,718,2485,2.4610027855153205
1844,699,2543,2.6380543633762517
1603,873,2476,1.836197021764032
1804,626,2430,2.8817891373801916
1719,556,2275,3.091726618705036
1624,678,2302,2.3952802359882006
1642,922,2564,1.7809110629067244
1608,657,2265,2.4474885844748857
1716,947,2663,1.8120380147835269
1627,734,2361,2.2166212534059944
1917,501,2418,3.8263473053892216
1901,646,2547,2.942724458204334
1681,967,2648,1.7383660806618408
1652,553,2205,2.9873417721518987
1694,919,2613,1.8433079434167574
1875,902,2777,2.0787139689578713
1880,908,2788,2.0704845814977975
1721,702,2423,2.4515669515669516
1905,914,2819,2.0842450765864333
1640,956,2596,1.715481171548117
1944,684,2628,2.8421052631578947
1817,862,2679,2.1078886310904874
1766,814,2580,2.1695331695331697
1993,909,2902,2.1925192519251926
1749,543,2292,3.2209944751381214
1684,988,2672,1.7044534412955465
1713,576,2289,2.9739583333333335
1749,657,2406,2.6621004566210047
1742,930,2672,1.8731182795698924
1701,681,2382,2.497797356828194
1603,596,2199,2.6895973154362416
1623,630,2253,2.5761904761904764
1775,934,2709,1.9004282655246252
1711,758,2469,2.257255936675462
1833,936,2769,1.9583333333333333
1637,680,2317,2.4073529411764705
1903,919,2822,2.070729053318825
1641,558,2199,2.9408602150537635
1726,803,2529,2.149439601494396
1712,594,2306,2.8821548821548824
1734,890,2624,1.948314606741573
1909,944,2853,2.0222457627118646
1916,758,2674,2.5277044854881265
1811,501,2312,3.614770459081836
1862,843,2705,2.208778173190985
1865,875,2740,2.1314285714285712
1700,595,2295,2.857142857142857
1985,619,2604,3.2067851373182554
1735,565,2300,3.0707964601769913
1928,980,2908,1.9673469387755103
1655,566,2221,2.9240282685512367
1649,595,2244,2.7714285714285714
1638,945,2583,1.7333333333333334
1790,644,2434,2.779503105590062
1817,549,2366,3.3096539162112935
1726,994,2720,1.7364185110663983
1944,573,2517,3.392670157068063
1832,993,2825,1.8449144008056395
1681,807,2488,2.0830235439900866
1805,588,2393,3.0697278911564627
1603,755,2358,2.1231788079470197
1894,741,2635,2.556005398110661
1693,614,2307,2.757328990228013
1822,694,2516,2.6253602305475505
1781,816,2597,2.1825980392156863
1889,534,2423,3.5374531835205993
1925,816,2741,2.3590686274509802
1871,973,2844,1.922918807810894
1951,615,2566,3.1723577235772358
1682,733,2415,2.2946793997271486
1759,504,2263,3.490079365079365
1988,992,2980,2.004032258064516
1932,1000,2932,1.932
1614,575,2189,2.8069565217391306
1670,631,2301,2.646592709984152
1605,585,2190,2.7435897435897436
1756,800,2556,2.195
1637,553,2190,2.9602169981916817
1795,673,2468,2.6671619613670132
1868,766,2634,2.4386422976501305
1902,605,2507,3.143801652892562
1832,949,2781,1.9304531085353003
1687,692,2379,2.4378612716763004
1834,552,2386,3.322463768115942
1712,970,2682,1.7649484536082474
1656,667,2323,2.4827586206896552
1853,814,2667,2.2764127764127764
1975,792,2767,2.4936868686868685
1931,704,2635,2.742897727272727
1798,900,2698,1.9977777777777779
1954,634,2588,3.082018927444795
1790,920,2710,1.9456521739130435
1964,533,2497,3.6848030018761726
1941,962,2903,2.0176715176715176
1656,796,2452,2.080402010050251
1841,670,2511,2.7477611940298505
1622,529,2151,3.0661625708884688
1848,793,2641,2.330390920554855
1646,732,2378,2.248633879781421
1729,913,2642,1.8937568455640745
1941,740,2681,2.622972972972973
1709,514,2223,3.3249027237354087
1974,610,2584,3.236065573770492
1903,558,2461,3.410394265232975
1813,772,2585,2.348445595854922
1760,503,2263,3.4990059642147116
1619,751,2370,2.155792276964048
1889,985,2874,1.9177664974619288
1664,519,2183,3.2061657032755297
1704,611,2315,2.788870703764321
1615,736,2351,2.1942934782608696
1804,821,2625,2.197320341047503
1726,907,2633,1.9029768467475192
1744,977,2721,1.7850562947799387
1671,674,2345,2.479228486646884
1771,798,2569,2.219298245614035
1640,768,2408,2.1354166666666665
1977,858,2835,2.304195804195804
1863,899,2762,2.07230255839822
1909,619,2528,3.0840064620355414
1980,662,2642,2.990936555891239
1608,796,2404,2.020100502512563
1956,803,2759,2.435865504358655
1767,750,2517,2.356
1999,654,2653,3.0565749235474007
1798,617,2415,2.914100486223663
1655,912,2567,1.8146929824561404
1895,681,2576,2.7826725403817916
1943,812,2755,2.392857142857143
1636,796,2432,2.0552763819095476
1882,613,2495,3.070146818923328
1878,604,2482,3.109271523178808
1854,610,2464,3.039344262295082
1868,609,2477,3.0673234811165844
1761,633,2394,2.7819905213270144
1718,762,2480,2.254593175853018
1899,592,2491,3.20777027027027
1605,714,2319,2.2478991596638656
1831,556,2387,3.2931654676258995
1887,844,2731,2.235781990521327
1828,974,2802,1.8767967145790554
1974,597,2571,3.306532663316583
1966,727,2693,2.7042640990371387
1804,524,2328,3.4427480916030535
1663,577,2240,2.882149046793761
1723,532,2255,3.238721804511278
1602,515,2117,3.1106796116504856
1911,740,2651,2.5824324324324324
1646,727,2373,2.264099037138927
1928,621,2549,3.104669887278583
1745,767,2512,2.27509778357236
1838,991,2829,1.8546922300706357
1920,540,2460,3.5555555555555554
1894,908,2802,2.0859030837004404
1812,958,2770,1.8914405010438413
1648,792,2440,2.080808080808081
1877,703,2580,2.669985775248933
1744,994,2738,1.7545271629778671
1915,733,2648,2.612551159618008
1707,870,2577,1.9620689655172414
1605,949,2554,1.6912539515279241
1649,538,2187,3.0650557620817844
1751,567,2318,3.0881834215167547
1654,988,2642,1.674089068825911
1743,883,2626,1.9739524348810873
1959,635,2594,3.08503937007874
1945,996,2941,1.9528112449799198
1795,733,2528,2.4488403819918143
1671,991,2662,1.686175580221998
1827,687,2514,2.6593886462882095
1622,850,2472,1.908235294117647
1777,769,2546,2.3107932379713914
1763,653,2416,2.699846860643185
1809,939,2748,1.926517571884984
1908,764,2672,2.4973821989528795
1996,560,2556,3.5642857142857145
1647,588,2235,2.8010204081632653
1929,552,2481,3.494565217391304
1725,658,2383,2.621580547112462
1847,613,2460,3.0130505709624797
1623,867,2490,1.8719723183391004
1738,753,2491,2.308100929614874
1632,869,2501,1.8780207134637514
1951,719,2670,2.713490959666203
1888,745,2633,2.5342281879194632
1638,933,2571,1.7556270096463023
1706,774,2480,2.204134366925065
1808,780,2588,2.317948717948718
1949,881,2830,2.2122587968217933
1626,643,2269,2.5287713841368586
1716,916,2632,1.8733624454148472
1637,776,2413,2.109536082474227
1809,824,2633,2.195388349514563
1911,747,2658,2.5582329317269075
1773,558,2331,3.1774193548387095
1869,802,2671,2.330423940149626
1982,707,2689,2.8033946251768036
1806,919,2725,1.9651795429815015
1929,777,2706,2.4826254826254828
1679,844,2523,1.9893364928909953
1873,934,2807,2.0053533190578157
1720,983,2703,1.7497456765005086
1730,713,2443,2.426367461430575
1668,680,2348,2.4529411764705884
1957,530,2487,3.6924528301886794
1941,944,2885,2.0561440677966103
1744,710,2454,2.456338028169014
1810,560,2370,3.232142857142857
1607,649,2256,2.4761171032357474
1612,983,2595,1.6398779247202442
1687,927,2614,1.819848975188781
1842,966,2808,1.906832298136646
1711,947,2658,1.8067581837381204
1766,718,2484,2.4596100278551534
1653,540,2193,3.061111111111111
1696,756,2452,2.2433862433862433
1645,500,2145,3.29
1864,599,2463,3.1118530884808013
1871,725,2596,2.5806896551724137
1923,747,2670,2.57429718875502
1659,613,2272,2.706362153344209
1906,886,2792,2.1512415349887135
1655,962,2617,1.7203742203742203
1762,780,2542,2.258974358974359
1995,636,2631,3.1367924528301887
1832,705,2537,2.598581560283688
1794,900,2694,1.9933333333333334
1846,674,2520,2.7388724035608307
1655,605,2260,2.7355371900826446
1846,912,2758,2.0241228070175437
1806,880,2686,2.0522727272727272
1841,932,2773,1.9753218884120172
1972,582,2554,3.388316151202749
1667,916,2583,1.8198689956331877
1689,887,2576,1.9041713641488163
1792,510,2302,3.5137254901960784
1796,927,2723,1.9374325782092772
1987,747,2734,2.6599732262382867
1716,537,2253,3.195530726256983
1983,589,2572,3.366723259762309
1783,551,2334,3.235934664246824
1721,714,2435,2.410364145658263
1695,894,2589,1.895973154362416
1991,519,2510,3.836223506743738
1959,631,2590,3.10459587955626
1793,649,2442,2.76271186440678
1974,606,2580,3.257425742574257
1900,790,2690,2.4050632911392404
1897,625,2522,3.0352
1664,921,2585,1.8067318132464711
1881,820,2701,2.2939024390243903
1760,930,2690,1.89247311827957
1673,902,2575,1.8547671840354767
1612,930,2542,1.7333333333333334
1768,670,2438,2.638805970149254
1905,776,2681,2.454896907216495
1970,928,2898,2.122844827586207
1649,954,2603,1.728511530398323
1987,516,2503,3.85077519379845
1695,994,2689,1.70523138832998
1895,832,2727,2.277644230769231
1689,979,2668,1.7252298263534218
1695,967,2662,1.7528438469493277
1844,500,2344,3.688
1755,520,2275,3.375
1681,1000,2681,1.681
1922,835,2757,2.3017964071856287
1609,962,2571,1.6725571725571726
1916,916,2832,2.091703056768559
1843,539,2382,3.419294990723562
1745,673,2418,2.5928677563150075
1837,938,2775,1.9584221748400852
1606,629,2235,2.5532591414944354
1955,846,2801,2.310874704491726
1834,853,2687,2.1500586166471276
1611,915,2526,1.7606557377049181
1633,654,2287,2.496941896024465
1755,505,2260,3.4752475247524752
1785,771,2556,2.315175097276265
1724,782,2506,2.20460358056266
1781,557,2338,3.1974865350089767
1844,854,2698,2.159250585480094
1963,579,2542,3.390328151986183
1847,951,2798,1.9421661409043112
1872,605,2477,3.0942148760330577
1622,757,2379,2.142668428005284
1910,599,2509,3.1886477462437397
1863,552,2415,3.375
1813,740,2553,2.45
1854,985,2839,1.882233502538071
1683,864,2547,1.9479166666666667
1652,733,2385,2.2537517053206004
1630,779,2409,2.0924261874197687
1994,926,2920,2.1533477321814254
1695,627,2322,2.7033492822966507
1654,955,2609,1.7319371727748691
1956,545,2501,3.5889908256880734
1618,841,2459,1.9239001189060643
1996,645,2641,3.0945736434108526
1946,837,2783,2.324970131421744
1793,886,2679,2.023702031602709
1973,915,2888,2.1562841530054646
1835,887,2722,2.068771138669673
1904,636,2540,2.993710691823899
1895,765,2660,2.477124183006536
1886,512,2398,3.68359375
1624,518,2142,3.135135135135135
1754,736,2490,2.3831521739130435
1942,958,2900,2.0271398747390394
1799,511,2310,3.5205479452054793
1914,802,2716,2.3865336658354113
1753,745,2498,2.353020134228188
1836,750,2586,2.448
1958,739,2697,2.6495263870094723
1699,614,2313,2.767100977198697
1987,731,2718,2.7181942544459643
1904,725,2629,2.6262068965517242
1796,616,2412,2.9155844155844157
1958,911,2869,2.1492864983534576
1870,727,2597,2.5722145804676755
1873,764,2637,2.451570680628272
1701,915,2616,1.859016393442623
1635,657,2292,2.4885844748858448
1764,612,2376,2.8823529411764706
1697,880,2577,1.928409090909091
1758,765,2523,2.2980392156862743
1654,726,2380,2.278236914600551
1978,527,2505,3.7533206831119545
1981,523,2504,3.7877629063097515
1737,920,2657,1.8880434782608695
1730,589,2319,2.937181663837012
1602,882,2484,1.816326530612245
1899,840,2739,2.2607142857142857
1635,774,2409,2.112403100775194
1831,897,2728,2.041248606465998
1968,959,2927,2.0521376433785194
1733,747,2480,2.319946452476573
1690,978,2668,1.7280163599182004
1778,612,2390,2.9052287581699345
1689,955,2644,1.7685863874345549
1928,923,2851,2.0888407367280606
1916,740,2656,2.5891891891891894
1942,645,2587,3.0108527131782945
1835,964,2799,1.9035269709543567
1684,635,2319,2.651968503937008
1865,717,2582,2.601115760111576
1703,559,2262,3.046511627906977
1834,602,2436,3.046511627906977
1897,709,2606,2.675599435825106
1999,531,2530,3.7645951035781544
1701,813,2514,2.092250922509225
1804,646,2450,2.7925696594427243
1944,605,2549,3.2132231404958675
1666,803,2469,2.074719800747198
1970,852,2822,2.312206572769953
1688,520,2208,3.246153846153846
2000,605,2605,3.3057851239669422
1963,501,2464,3.9181636726546905
1740,620,2360,2.806451612903226
1628,760,2388,2.142105263157895
1876,809,2685,2.318912237330037
1625,510,2135,3.1862745098039214
1718,683,2401,2.5153733528550513
1620,900,2520,1.8
1810,908,2718,1.9933920704845816
1924,502,2426,3.8326693227091635
1751,953,2704,1.8373557187827911
1866,923,2789,2.021668472372698
1750,834,2584,2.0983213429256593
1862,509,2371,3.658153241650295
1896,570,2466,3.3263157894736843
1631,607,2238,2.686985172981878
1710,639,2349,2.676056338028169
1686,575,2261,2.9321739130434783
1803,634,2437,2.8438485804416405
1749,815,2564,2.1460122699386504
1868,572,2440,3.265734265734266
1996,732,2728,2.726775956284153
1759,615,2374,2.8601626016260164
1891,706,2597,2.678470254957507
1858,580,2438,3.203448275862069
1805,976,2781,1.8493852459016393
1800,633,2433,2.843601895734597
1802,509,2311,3.5402750491159134
1914,917,2831,2.087241003271538
1639,573,2212,2.8603839441535777
1951,701,2652,2.783166904422254
1835,658,2493,2.788753799392097
1857,780,2637,2.3807692307692307
1779,771,2550,2.307392996108949
1786,592,2378,3.016891891891892
1655,805,2460,2.0559006211180124
1604,993,2597,1.6153071500503524
1987,501,2488,3.9660678642714573
1627,791,2418,2.056890012642225
1789,641,2430,2.790951638065523
1649,884,2533,1.8653846153846154
1684,655,2339,2.570992366412214
1834,855,2689,2.1450292397660817
1782,968,2750,1.8409090909090908
1636,779,2415,2.1001283697047497
1644,646,2290,2.544891640866873
1782,791,2573,2.2528445006321114
1608,639,2247,2.516431924882629
1984,537,2521,3.6945996275605215
1920,847,2767,2.2668240850059034
1629,937,2566,1.7385272145144077
1791,589,2380,3.0407470288624787
1710,698,2408,2.4498567335243555
1961,502,2463,3.906374501992032
1915,621,2536,3.0837359098228663
1876,776,2652,2.417525773195876
1777,704,2481,2.524147727272727
1652,692,2344,2.38728323699422
1870,548,2418,3.4124087591240877
1656,724,2380,2.287292817679558
1711,959,2670,1.78415015641293
1969,683,2652,2.882869692532943
1902,901,2803,2.1109877913429522
1763,841,2604,2.0963139120095127
1728,861,2589,2.0069686411149825
1912,707,2619,2.7043847241867045
1877,527,2404,3.5616698292220113
1630,808,2438,2.017326732673267
1734,615,2349,2.819512195121951
1931,555,2486,3.4792792792792793
1868,689,2557,2.711175616835994
1709,950,2659,1.7989473684210526
1932,576,2508,3.3541666666666665
1951,755,2706,2.5841059602649006
1942,951,2893,2.0420609884332284
1668,683,2351,2.4421669106881407
1682,965,2647,1.7430051813471503
1965,948,2913,2.0727848101265822
1885,583,2468,3.2332761578044598
1696,636,2332,2.6666666666666665
1637,863,2500,1.8968713789107763
1625,601,2226,2.703826955074875
1896,598,2494,3.17056856187291
1805,607,2412,2.973640856672158
1696,539,2235,3.146567717996289
1832,895,2727,2.046927374301676
1954,643,2597,3.0388802488335926
1885,775,2660,2.432258064516129
1711,863,2574,1.9826187717265353
1742,678,2420,2.5693215339233038
1953,691,2644,2.8263386396526773
1837,856,2693,2.1460280373831777
1999,803,2802,2.489414694894147
1871,926,2797,2.0205183585313176
1836,628,2464,2.9235668789808917
1925,526,2451,3.659695817490494
1911,536,2447,3.5652985074626864
1750,625,2375,2.8
1882,772,2654,2.437823834196891
1808,804,2612,2.2487562189054726
1719,703,2422,2.445234708392603
1754,501,2255,3.500998003992016
1918,977,2895,1.9631525076765608
1773,626,2399,2.8322683706070286
1932,704,2636,2.7443181818181817
1783,550,2333,3.2418181818181817
1682,695,2377,2.420143884892086
1625,986,2611,1.6480730223123732
1998,719,2717,2.7788595271210013
1646,699,2345,2.3547925608011444
1758,539,2297,3.261595547309833
1636,949,2585,1.7239199157007377
1911,924,2835,2.0681818181818183
1843,899,2742,2.050055617352614
1810,960,2770,1.8854166666666667
1760,875,2635,2.0114285714285716
1869,585,2454,3.194871794871795
1954,848,2802,2.3042452830188678
1881,981,2862,1.9174311926605505
1673,566,2239,2.9558303886925796
1720,871,2591,1.9747416762342136
1832,988,2820,1.854251012145749
1630,826,2456,1.973365617433414
1997,740,2737,2.6986486486486485
1752,629,2381,2.7853736089030208
1740,903,2643,1.9269102990033222
1690,720,2410,2.3472222222222223
1675,797,2472,2.1016311166875785
1609,613,2222,2.624796084828711
1687,588,2275,2.869047619047619
1768,544,2312,3.25
1902,734,2636,2.5912806539509536
1803,630,2433,2.861904761904762
1776,658,2434,2.6990881458966567
1832,975,2807,1.878974358974359
1929,646,2575,2.986068111455108
1704,799,2503,2.132665832290363
1959,976,2935,2.007172131147541
1665,1000,2665,1.665
1724,910,2634,1.8945054945054944
1851,996,2847,1.858433734939759
1621,732,2353,2.2144808743169397
1852,936,2788,1.9786324786324787
1786,764,2550,2.337696335078534
1824,521,2345,3.5009596928982725
1610,912,2522,1.7653508771929824
1707,561,2268,3.0427807486631018
1959,617,2576,3.175040518638574
1767,971,2738,1.819773429454171
1603,634,2237,2.528391167192429
1641,524,2165,3.131679389312977
1768,683,2451,2.588579795021962
1742,993,2735,1.754279959718026
1703,775,2478,2.1974193548387095
1854,551,2405,3.364791288566243
1754,638,2392,2.749216300940439
1670,845,2515,1.9763313609467457
1992,677,2669,2.942392909896603
1794,568,2362,3.158450704225352
1810,738,2548,2.4525745257452574
1990,624,2614,3.1891025641025643
1665,647,2312,2.573415765069552
1646,900,2546,1.8288888888888888
1981,787,2768,2.51715374841169
1655,683,2338,2.4231332357247437
1763,820,2583,2.15
1836,708,2544,2.593220338983051
1610,740,2350,2.175675675675676
1969,686,2655,2.870262390670554
1770,598,2368,2.959866220735786
1795,575,2370,3.121739130434783
1936,995,2931,1.9457286432160803
1617,954,2571,1.6949685534591195
1644,571,2215,2.8791593695271454
1948,944,2892,2.0635593220338984
1620,881,2501,1.8388195232690125
1854,543,2397,3.414364640883978
1752,676,2428,2.591715976331361
1837,694,2531,2.6469740634005765
1957,676,2633,2.8949704142011834
1741,699,2440,2.4907010014306152
1780,879,2659,2.025028441410694
1998,803,2801,2.488169364881694
1943,963,2906,2.0176531671858773
1803,626,2429,2.880191693290735
1888,771,2659,2.448767833981842
1982,786,2768,2.5216284987277353
1863,821,2684,2.269183922046285
1913,882,2795,2.1689342403628116
1757,983,2740,1.7873855544252288
1629,524,2153,3.1087786259541983
1833,906,2739,2.0231788079470197
1997,673,2670,2.9673105497771175
1615,601,2216,2.687188019966722
1871,658,2529,2.8434650455927053
1661,912,2573,1.8212719298245614
1896,763,2659,2.4849279161205766
1800,726,2526,2.479338842975207
1683,860,2543,1.9569767441860466
1656,811,2467,2.041923551171393
1835,950,2785,1.931578947368421
1762,680,2442,2.5911764705882354
1741,521,2262,3.341650671785029
1824,928,2752,1.9655172413793103
1960,904,2864,2.168141592920354
1941,771,2712,2.517509727626459
1813,879,2692,2.062571103526735
1863,855,2718,2.1789473684210527
1871,866,2737,2.1605080831408774
1663,840,2503,1.9797619047619048
1950,789,2739,2.4714828897338403
1717,557,2274,3.0825852782764813
1759,536,2295,3.281716417910448
1960,711,2671,2.7566807313642756
1828,750,2578,2.437333333333333
1716,580,2296,2.9586206896551723
1653,732,2385,2.2581967213114753
1679,867,2546,1.936562860438293
1691,607,2298,2.785831960461285
1654,802,2456,2.0623441396508726
1780,667,2447,2.6686656671664166
1800,945,2745,1.9047619047619047
1803,792,2595,2.2765151515151514
1916,618,2534,3.100323624595469
1962,819,2781,2.3956043956043955
1916,659,2575,2.9074355083459786
1793,792,2585,2.263888888888889
1944,882,2826,2.204081632653061
1875,661,2536,2.8366111951588504
1621,665,2286,2.437593984962406
1664,750,2414,2.2186666666666666
1830,505,2335,3.623762376237624
1830,677,2507,2.7031019202363367
1643,949,2592,1.7312961011591148
1709,716,2425,2.386871508379888
1655,706,2361,2.3441926345609065
1673,796,2469,2.101758793969849
1881,653,2534,2.880551301684533
1900,928,2828,2.0474137931034484
1787,899,2686,1.9877641824249166
1731,743,2474,2.3297442799461643
1879,638,2517,2.945141065830721
1829,892,2721,2.0504484304932737
1614,756,2370,2.134920634920635
1692,603,2295,2.8059701492537314
1737,633,2370,2.744075829383886
1887,692,2579,2.726878612716763
1667,699,2366,2.38483547925608
1896,919,2815,2.063112078346028
1875,744,2619,2.5201612903225805
1858,835,2693,2.2251497005988026
1658,819,2477,2.0244200244200243
1918,630,2548,3.0444444444444443
1926,821,2747,2.3459196102314253
1792,708,2500,2.531073446327684
1712,868,2580,1.9723502304147464
1872,912,2784,2.0526315789473686
1682,917,2599,1.8342420937840784
1728,610,2338,2.8327868852459015
1849,605,2454,3.056198347107438
1955,717,2672,2.726638772663877
1750,740,2490,2.364864864864865
1978,997,2975,1.9839518555667002
1936,806,2742,2.401985111662531
1819,978,2797,1.859918200408998
1724,910,2634,1.8945054945054944
1822,619,2441,2.9434571890145396
1649,757,2406,2.178335535006605
1854,720,2574,2.575
1725,757,2482,2.2787318361955085
1887,554,2441,3.4061371841155235
1858,544,2402,3.4154411764705883
1963,532,2495,3.6898496240601504
1682,926,2608,1.816414686825054
1852,770,2622,2.4051948051948053
1665,572,2237,2.910839160839161
1691,963,2654,1.7559709241952233
1937,976,2913,1.9846311475409837
1624,713,2337,2.2776998597475457
1706,936,2642,1.8226495726495726
1804,914,2718,1.973741794310722
1846,538,2384,3.4312267657992566
1965,852,2817,2.306338028169014
1602,706,2308,2.2691218130311617
1699,532,2231,3.193609022556391
1667,676,2343,2.4659763313609466
1700,618,2318,2.750809061488673
1605,563,2168,2.850799289520426
1817,885,2702,2.0531073446327683
1841,992,2833,1.8558467741935485
1916,893,2809,2.1455767077267636
1801,912,2713,1.974780701754386
1780,868,2648,2.0506912442396312
1824,525,2349,3.474285714285714
1999,769,2768,2.599479843953186
1858,836,2694,2.222488038277512
1620,980,2600,1.653061224489796
1706,771,2477,2.2127107652399483
1964,908,2872,2.1629955947136565
1770,963,2733,1.838006230529595
1682,551,2233,3.0526315789473686
1737,902,2639,1.9257206208425721
1691,611,2302,2.76759410801964
1933,742,2675,2.605121293800539
1602,778,2380,2.0591259640102826
1675,697,2372,2.4031563845050217
1975,986,2961,2.0030425963488843
1698,947,2645,1.7930306230200634
1617,858,2475,1.8846153846153846
1745,917,2662,1.9029443838604143
1884,756,2640,2.492063492063492
1919,796,2715,2.4108040201005023
1981,683,2664,2.9004392386530014
1690,796,2486,2.1231155778894473
1878,991,2869,1.8950554994954592
1846,972,2818,1.8991769547325104
1740,995,2735,1.7487437185929648
1828,634,2462,2.8832807570977916
1826,877,2703,2.082098061573546
1646,605,2251,2.7206611570247934
1961,857,2818,2.2882147024504085
1849,895,2744,2.065921787709497
1645,835,2480,1.970059880239521
1992,858,2850,2.3216783216783217
1839,806,2645,2.2816377171215882
1787,533,2320,3.352720450281426
1986,685,2671,2.899270072992701
1869,835,2704,2.238323353293413
1895,842,2737,2.2505938242280283
1709,613,2322,2.7879282218597066
1673,963,2636,1.7372793354101765
1724,546,2270,3.1575091575091574
1810,867,2677,2.0876585928489044
1616,722,2338,2.2382271468144044
1843,804,2647,2.29228855721393
1855,699,2554,2.65379113018598
1811,969,2780,1.8689370485036119
1947,721,2668,2.7004160887656035
1916,773,2689,2.478654592496766
1906,621,2527,3.069243156199678
1849,758,2607,2.4393139841688654
1884,617,2501,3.053484602917342
1859,799,2658,2.3266583229036297
1671,886,2557,1.8860045146726863
1655,730,2385,2.267123287671233
1977,884,2861,2.236425339366516
1940,758,2698,2.559366754617414
1653,609,2262,2.7142857142857144
1858,853,2711,2.1781946072684644
1656,582,2238,2.845360824742268
1745,524,2269,3.3301526717557253
1831,720,2551,2.5430555555555556
1692,860,2552,1.9674418604651163
1994,921,2915,2.1650380021715527
1968,539,2507,3.6512059369202228
1657,784,2441,2.1135204081632653
1817,816,2633,2.2267156862745097
1841,579,2420,3.1796200345423142
1719,894,2613,1.9228187919463087
1883,581,2464,3.2409638554216866
1664,539,2203,3.0871985157699444
1931,751,2682,2.571238348868176
1747,976,2723,1.7899590163934427
1946,608,2554,3.200657894736842
1698,811,2509,2.093711467324291
1787,700,2487,2.552857142857143
1813,708,2521,2.560734463276836
1983,613,2596,3.2349102773246328
1866,606,2472,3.0792079207920793
1602,681,2283,2.352422907488987
1849,575,2424,3.2156521739130435
1909,934,2843,2.04389721627409
1730,652,2382,2.6533742331288344
1775,620,2395,2.8629032258064515
1689,830,2519,2.0349397590361447
1613,873,2486,1.8476517754868271
1913,724,2637,2.6422651933701657
1779,584,2363,3.046232876712329
1744,951,2695,1.8338590956887486
1824,825,2649,2.210909090909091
1661,848,2509,1.9587264150943395
1990,897,2887,2.21850613154961
1620,590,2210,2.7457627118644066
1987,714,2701,2.7829131652661063
1709,683,2392,2.502196193265007
1860,917,2777,2.02835332606325
1854,595,2449,3.115966386554622
1734,834,2568,2.079136690647482
1962,526,2488,3.7300380228136882
1901,694,2595,2.739193083573487
1708,552,2260,3.0942028985507246
1855,897,2752,2.068004459308807
1958,641,2599,3.0546021840873636
1778,886,2664,2.0067720090293455
1695,641,2336,2.644305772230889
1742,821,2563,2.1218026796589524
1627,583,2210,2.79073756432247
1694,807,2501,2.0991325898389097
1741,946,2687,1.8403805496828753
1987,848,2835,2.3431603773584904
1886,583,2469,3.234991423670669
1958,511,2469,3.831702544031311
1979,699,2678,2.831187410586552
1653,643,2296,2.5707620528771384
1877,748,2625,2.5093582887700534
1658,500,2158,3.316
1802,864,2666,2.0856481481481484
1870,962,2832,1.9438669438669438
1659,500,2159,3.318
1985,739,2724,2.686062246278755
1812,606,2418,2.99009900990099
1624,614,2238,2.6449511400651464
1891,991,2882,1.9081735620585267
1983,717,2700,2.7656903765690375
1853,540,2393,3.4314814814814816
1999,599,2598,3.337228714524207
1827,891,2718,2.0505050505050506
1824,746,2570,2.4450402144772116
1950,587,2537,3.3219761499148213
1830,813,2643,2.2509225092250924
1960,563,2523,3.4813499111900534
1979,994,2973,1.9909456740442657
1716,790,2506,2.1721518987341772
1769,706,2475,2.5056657223796033
1632,988,2620,1.6518218623481782
1600,628,2228,2.5477707006369426
1662,860,2522,1.9325581395348836
1992,775,2767,2.5703225806451613
1900,939,2839,2.0234291799787005
1757,543,2300,3.2357274401473295
1735,563,2298,3.0817051509769096
1962,759,2721,2.5849802371541504
1655,514,2169,3.219844357976654
1890,974,2864,1.9404517453798769
1863,682,2545,2.731671554252199
1900,852,2752,2.2300469483568075
1740,558,2298,3.118279569892473
1994,676,2670,2.9497041420118344
1752,947,2699,1.850052798310454
1796,585,2381,3.0700854700854703
1918,639,2557,3.001564945226917
1630,947,2577,1.7212249208025343
1791,751,2542,2.384820239680426
1847,600,2447,3.078333333333333
1652,644,2296,2.5652173913043477
1683,876,2559,1.9212328767123288
1826,892,2718,2.0470852017937218
1794,746,2540,2.4048257372654156
1852,565,2417,3.2778761061946904
1926,965,2891,1.9958549222797928
1930,620,2550,3.1129032258064515
1625,987,2612,1.646403242147923
1804,965,2769,1.8694300518134714
1762,614,2376,2.8697068403908794
1836,511,2347,3.592954990215264
1796,926,2722,1.939524838012959
1641,747,2388,2.1967871485943773
1959,816,2775,2.400735294117647
1748,587,2335,2.9778534923339013
1830,988,2818,1.8522267206477734
1829,726,2555,2.5192837465564737
1797,911,2708,1.9725576289791438
1674,643,2317,2.6034214618973563
1729,791,2520,2.185840707964602
1996,601,2597,3.3211314475873546
1737,788,2525,2.204314720812183
1729,767,2496,2.2542372881355934
1991,707,2698,2.816124469589816
1956,732,2688,2.6721311475409837
1661,586,2247,2.8344709897610922
1852,623,2475,2.972712680577849
1896,601,2497,3.1547420965058235
1718,665,2383,2.5834586466165415
1996,527,2523,3.7874762808349147
1787,992,2779,1.8014112903225807
1839,694,2533,2.64985590778098
1774,658,2432,2.696048632218845
1793,752,2545,2.3843085106382977
1616,903,2519,1.7895902547065339
1895,744,2639,2.547043010752688
1708,609,2317,2.8045977011494254
1647,791,2438,2.082174462705436
1622,643,2265,2.5225505443234835
1797,982,2779,1.829938900203666
1998,662,2660,3.0181268882175227
1948,639,2587,3.048513302034429
1971,509,2480,3.8722986247544204
1732,835,2567,2.074251497005988
1706,990,2696,1.7232323232323232
1769,825,2594,2.144242424242424
1810,616,2426,2.938311688311688
1935,628,2563,3.0812101910828025
1922,857,2779,2.2427071178529756
1606,604,2210,2.6589403973509933
1660,534,2194,3.108614232209738
1951,591,2542,3.3011844331641287
1936,852,2788,2.272300469483568
1721,734,2455,2.344686648501362
1880,699,2579,2.6895565092989986
1746,537,2283,3.2513966480446927
1824,857,2681,2.128354725787631
1677,551,2228,3.043557168784029
1606,541,2147,2.9685767097966727
1896,995,2891,1.9055276381909547
1740,979,2719,1.7773237997957099
1649,941,2590,1.7523910733262487
1623,826,2449,1.9648910411622276
1868,650,2518,2.873846153846154
1641,735,2376,2.23265306122449
1805,968,2773,1.8646694214876034
1935,611,2546,3.1669394435351883
1813,811,2624,2.2355117139334157
1993,749,2742,2.6608811748998664
1634,834,2468,1.959232613908873
1653,613,2266,2.6965742251223492
1721,602,2323,2.8588039867109636
1757,781,2538,2.2496798975672214
1653,867,2520,1.9065743944636677
1652,902,2554,1.8314855875831486
1826,554,2380,3.296028880866426
1697,972,2669,1.7458847736625513
1804,642,2446,2.809968847352025
1896,921,2817,2.0586319218241043
1824,880,2704,2.0727272727272728
1737,611,2348,2.8428805237315875
1905,945,2850,2.015873015873016
1728,657,2385,2.6301369863013697
1946,602,2548,3.2325581395348837
1905,597,2502,3.190954773869347
1776,992,2768,1.7903225806451613
1938,915,2853,2.1180327868852458
1848,727,2575,2.5419532324621734
1841,925,2766,1.9902702702702704
1753,710,2463,2.4690140845070423
1615,635,2250,2.543307086614173
1736,684,2420,2.538011695906433
1775,832,2607,2.1334134615384617
1762,710,2472,2.4816901408450702
1896,988,2884,1.9190283400809716
1608,511,2119,3.146771037181996
1773,886,2659,2.0011286681715577
1868,862,2730,2.1670533642691416
1765,812,2577,2.1736453201970445
1677,662,2339,2.5332326283987916
1781,791,2572,2.2515802781289507
1643,715,2358,2.297902097902098
1692,797,2489,2.122961104140527
1699,675,2374,2.517037037037037
1779,872,2651,2.040137614678899
1861,521,2382,3.5719769673704413
1961,741,2702,2.6464237516869096
1647,612,2259,2.6911764705882355
1777,670,2447,2.6522388059701494
1623,787,2410,2.062261753494282
1892,902,2794,2.097560975609756
1819,845,2664,2.152662721893491
1779,893,2672,1.992161254199328
1909,611,2520,3.1243862520458263
1824,816,2640,2.235294117647059
1731,513,2244,3.374269005847953
1759,692,2451,2.541907514450867
1749,813,2562,2.151291512915129
1889,759,2648,2.4888010540184453
1931,786,2717,2.4567430025445294
1676,876,2552,1.91324200913242
1704,898,2602,1.8975501113585747
1999,673,2672,2.9702823179791977
1659,711,2370,2.3333333333333335
1912,618,2530,3.0938511326860842
1835,629,2464,2.917329093799682
1739,932,2671,1.8658798283261802
1889,508,2397,3.718503937007874
1716,547,2263,3.137111517367459
1623,817,2440,1.9865361077111383
1672,718,2390,2.328690807799443
1954,730,2684,2.6767123287671235
1946,706,2652,2.7563739376770537
1956,655,2611,2.9862595419847326
1980,527,2507,3.757115749525617
1985,775,2760,2.5612903225806454
1983,863,2846,2.2977983777520277
1665,576,2241,2.890625
1760,769,2529,2.2886866059817947
1903,517,2420,3.6808510638297873
1775,941,2716,1.8862911795961743
1786,789,2575,2.26362484157161
1777,962,2739,1.8471933471933473
1996,583,2579,3.423670668953688
1851,732,2583,2.528688524590164
1984,731,2715,2.7140902872777017
1822,693,2515,2.629148629148629
1783,778,2561,2.2917737789203083
1718,825,2543,2.0824242424242425
1847,606,2453,3.047854785478548
1756,649,2405,2.7057010785824347
1693,574,2267,2.9494773519163764
1810,872,2682,2.0756880733944953
1949,727,2676,2.6808803301237965
1673,861,2534,1.943089430894309
1873,871,2744,2.1504018369690012
1720,646,2366,2.6625386996904026
1907,662,2569,2.880664652567976
1987,563,2550,3.5293072824156306
1776,961,2737,1.8480749219562955
1709,541,2250,3.1589648798521255
1675,688,2363,2.434593023255814
1645,748,2393,2.199197860962567
1606,977,2583,1.6438075742067553
1728,847,2575,2.040141676505313
1975,886,2861,2.229119638826185
1789,899,2688,1.989988876529477
1601,921,2522,1.738327904451683
1941,808,2749,2.402227722772277
1997,721,2718,2.769764216366158
1877,883,2760,2.1257078142695356
1785,824,2609,2.16626213592233
1944,977,2921,1.9897645854657113
1921,574,2495,3.346689895470383
1727,503,2230,3.433399602385686
1970,913,2883,2.157721796276013
1998,718,2716,2.7827298050139277
1691,555,2246,3.046846846846847
1901,762,2663,2.494750656167979
1636,521,2157,3.140115163147793
1999,849,2848,2.354534746760895
1900,929,2829,2.045209903121636
1647,900,2547,1.83
1964,853,2817,2.302461899179367
1720,745,2465,2.3087248322147653
1890,820,2710,2.3048780487804876
1861,968,2829,1.9225206611570247
1953,859,2812,2.2735739231664724
1932,699,2631,2.763948497854077
1875,831,2706,2.256317689530686
1797,994,2791,1.8078470824949697
1941,817,2758,2.375764993880049
1975,718,2693,2.7506963788300838
1667,886,2553,1.881489841986456
1985,901,2886,2.203107658157603
1958,955,2913,2.050261780104712
1963,576,2539,3.407986111111111
1993,668,2661,2.9835329341317367
1906,531,2437,3.5894538606403015
1998,683,2681,2.925329428989751
1918,702,2620,2.7321937321937324
1822,670,2492,2.719402985074627
1632,863,2495,1.8910776361529549
1752,649,2401,2.699537750385208
1966,743,2709,2.6460296096904443
1854,672,2526,2.7589285714285716
1633,779,2412,2.096277278562259
1941,661,2602,2.9364599092284416
1688,860,2548,1.9627906976744185
1849,602,2451,3.0714285714285716
1653,534,2187,3.095505617977528
1891,750,2641,2.521333333333333
1819,907,2726,2.0055126791620728
1832,905,2737,2.0243093922651934
1987,645,2632,3.0806201550387597
1620,916,2536,1.7685589519650655
1772,868,2640,2.0414746543778803
1707,574,2281,2.9738675958188154
1697,913,2610,1.8587075575027383
1941,560,2501,3.4660714285714285
1978,735,2713,2.691156462585034
1760,991,2751,1.77598385469223
1983,769,2752,2.5786736020806242
1635,780,2415,2.0961538461538463
1963,903,2866,2.1738648947951273
1804,756,2560,2.386243386243386
1898,832,2730,2.28125
1792,530,2322,3.3811320754716983
1962,718,2680,2.732590529247911
1758,578,2336,3.041522491349481
1945,655,2600,2.969465648854962
1710,632,2342,2.7056962025316458
1972,754,2726,2.6153846153846154
1607,681,2288,2.3597650513950073
1890,825,2715,2.290909090909091
1712,766,2478,2.234986945169713
1837,545,2382,3.3706422018348623
1633,869,2502,1.8791714614499424
1901,923,2824,2.059588299024919
1957,927,2884,2.111111111111111
1601,580,2181,2.760344827586207
1995,817,2812,2.441860465116279
1898,601,2499,3.158069883527454
1743,909,2652,1.9174917491749175
1809,779,2588,2.3222079589216946
1797,593,2390,3.03035413153457
1991,566,2557,3.5176678445229683
1659,942,2601,1.7611464968152866
1776,729,2505,2.4362139917695473
1895,919,2814,2.0620239390642
1643,954,2597,1.7222222222222223
1777,588,2365,3.022108843537415
1637,527,2164,3.106261859582543
1966,957,2923,2.0543364681295717
1769,805,2574,2.1975155279503107
1997,534,2531,3.7397003745318353
1946,869,2815,2.239355581127733
1689,703,2392,2.402560455192034
1666,687,2353,2.425036390101892
1976,921,2897,2.1454940282301846
1984,672,2656,2.9523809523809526
1726,780,2506,2.212820512820513
1744,880,2624,1.981818181818182
1947,801,2748,2.4307116104868913
1743,951,2694,1.832807570977918
1791,859,2650,2.0849825378346916
1804,855,2659,2.1099415204678365
1976,613,2589,3.223491027732463
1804,684,2488,2.6374269005847952
1604,606,2210,2.6468646864686467
1724,555,2279,3.106306306306306
1902,806,2708,2.359801488833747
1834,979,2813,1.8733401430030643
1882,680,2562,2.7676470588235293
1948,648,2596,3.006172839506173
1691,770,2461,2.196103896103896
1651,688,2339,2.3997093023255816
1731,503,2234,3.441351888667992
1692,855,2547,1.9789473684210526
1772,583,2355,3.039451114922813
1700,806,2506,2.109181141439206
1643,585,2228,2.8085470085470083
1750,802,2552,2.1820448877805485
1872,881,2753,2.1248581157775255
1819,941,2760,1.9330499468650373
1983,556,2539,3.566546762589928
1666,676,2342,2.464497041420118
1864,568,2432,3.2816901408450705
1891,894,2785,2.115212527964206
1685,880,2565,1.9147727272727273
1783,886,2669,2.0124153498871333
1913,691,2604,2.768451519536903
1857,709,2566,2.619181946403385
1647,540,2187,3.05
1631,957,2588,1.7042842215256009
1999,970,2969,2.060824742268041
1885,926,2811,2.035637149028078
1720,689,2409,2.4963715529753268
1773,955,2728,1.8565445026178011
1821,539,2360,3.37847866419295
1611,711,2322,2.2658227848101267
1788,961,2749,1.8605619146722165
1759,516,2275,3.4089147286821704
1990,555,2545,3.5855855855855854
1751,926,2677,1.8909287257019438
1671,991,2662,1.686175580221998
1742,958,2700,1.8183716075156575
1636,686,2322,2.3848396501457727
1987,896,2883,2.2176339285714284
1996,816,2812,2.446078431372549
1833,993,2826,1.8459214501510575
1646,542,2188,3.03690036900369
1887,724,2611,2.606353591160221
1636,977,2613,1.6745138178096213
1665,792,2457,2.102272727272727
1798,874,2672,2.05720823798627
1727,642,2369,2.690031152647975
1798,801,2599,2.244694132334582
1887,525,2412,3.5942857142857143
1769,530,2299,3.3377358490566036
1980,711,2691,2.7848101265822787
1733,560,2293,3.094642857142857
1895,823,2718,2.302551640340219
1642,567,2209,2.8959435626102294
1741,774,2515,2.249354005167959
1986,884,2870,2.246606334841629
1693,769,2462,2.201560468140442
1997,533,2530,3.7467166979362103
1822,862,2684,2.11368909512761
1669,539,2208,3.0964749536178107
1980,733,2713,2.7012278308321966
1968,601,2569,3.274542429284526
1814,682,2496,2.659824046920821
1724,564,2288,3.0567375886524824
1970,685,2655,2.875912408759124
1773,550,2323,3.2236363636363636
1866,969,2835,1.9256965944272446
1764,605,2369,2.915702479338843
1682,587,2269,2.86541737649063
1992,867,2859,2.2975778546712804
1604,969,2573,1.6553147574819402
1872,643,2515,2.911353032659409
1959,741,2700,2.6437246963562755
1845,727,2572,2.5378266850068774
1745,589,2334,2.962648556876061
1643,595,2238,2.761344537815126
1646,678,2324,2.4277286135693217
1897,880,2777,2.1556818181818183
1694,637,2331,2.659340659340659
1729,521,2250,3.3186180422264875
1895,610,2505,3.1065573770491803
1861,519,2380,3.585741811175337
1652,799,2451,2.067584480600751
1804,917,2721,1.9672846237731734
1892,902,2794,2.097560975609756
1628,663,2291,2.455505279034691
1862,554,2416,3.3610108303249095
1973,658,2631,2.998480243161094
1879,644,2523,2.9177018633540373
1932,587,2519,3.291311754684838
1601,963,2564,1.6625129802699896
1755,752,2507,2.333776595744681
1887,764,2651,2.4698952879581153
1826,532,2358,3.4323308270676693
1815,529,2344,3.4310018903591684
1752,827,2579,2.1185006045949213
1785,681,2466,2.6211453744493394
1696,958,2654,1.7703549060542798
1758,991,2749,1.773965691220989
1872,919,2791,2.0369967355821545
1622,748,2370,2.1684491978609626
1716,695,2411,2.469064748201439
1637,996,2633,1.643574297188755
1821,707,2528,2.5756718528995757
1775,726,2501,2.4449035812672175
1731,972,2703,1.7808641975308641
1754,579,2333,3.029360967184801
1646,743,2389,2.215343203230148
1956,870,2826,2.2482758620689656
1632,869,2501,1.8780207134637514
1910,728,2638,2.6236263736263736
1867,810,2677,2.3049382716049385
1629,831,2460,1.96028880866426
1836,956,2792,1.9205020920502092
1838,707,2545,2.5997171145685996
1732,638,2370,2.7147335423197494
1664,706,2370,2.356940509915014
1966,826,2792,2.3801452784503634
1774,703,2477,2.523470839260313
1608,968,2576,1.6611570247933884
1852,742,2594,2.495956873315364
1892,879,2771,2.1524459613196814
1905,757,2662,2.516512549537649
1971,970,2941,2.031958762886598
1643,668,2311,2.4595808383233533
1911,564,2475,3.3882978723404253
1959,951,2910,2.0599369085173502
1886,926,2812,2.036717062634989
1813,942,2755,1.924628450106157
1734,808,2542,2.146039603960396
1677,673,2350,2.4918276374442794
1640,642,2282,2.554517133956386
1674,648,2322,2.5833333333333335
1611,889,2500,1.81214848143982
1637,895,2532,1.8290502793296088
1927,949,2876,2.030558482613277
1762,913,2675,1.9299014238773275
1927,584,2511,3.2996575342465753
1874,979,2853,1.9141981613891725
1716,821,2537,2.090133982947625
1796,719,2515,2.497913769123783
1985,889,2874,2.232845894263217
1907,889,2796,2.1451068616422946
1724,754,2478,2.286472148541114
1963,687,2650,2.8573508005822417
1859,630,2489,2.950793650793651
1832,733,2565,2.499317871759891
1825,618,2443,2.953074433656958
1615,919,2534,1.7573449401523396
1865,671,2536,2.779433681073025
1654,809,2463,2.0444993819530284
1635,729,2364,2.242798353909465
1690,545,2235,3.1009174311926606
1875,545,2420,3.4403669724770642
1832,971,2803,1.886714727085479
1892,504,2396,3.753968253968254
1907,977,2884,1.9518935516888434
1727,732,2459,2.359289617486339
1938,767,2705,2.526727509778357
1908,837,2745,2.2795698924731185
1696,788,2484,2.1522842639593907
1720,533,2253,3.227016885553471
1957,799,2756,2.4493116395494368
1870,872,2742,2.1444954128440368
1894,999,2893,1.8958958958958958
1751,911,2662,1.9220636663007684
1865,902,2767,2.067627494456763
1936,914,2850,2.1181619256017505
1620,802,2422,2.0199501246882794
1736,699,2435,2.4835479256080113
1825,663,2488,2.7526395173453997
1741,986,2727,1.7657200811359026
1772,976,2748,1.8155737704918034
1798,543,2341,3.3112338858195214
1942,885,2827,2.1943502824858756
1600,618,2218,2.588996763754045
1975,608,2583,3.2483552631578947
1751,518,2269,3.3803088803088803
1911,992,2903,1.9264112903225807
1997,715,2712,2.793006993006993
1700,579,2279,2.936096718480138
1843,809,2652,2.2781211372064276
1679,630,2309,2.665079365079365
1766,804,2570,2.1965174129353233
1671,679,2350,2.4609720176730487
1939,603,2542,3.2155887230514097
1725,766,2491,2.251958224543081
1764,784,2548,2.25
1895,999,2894,1.896896896896897
1704,955,2659,1.7842931937172775
1768,776,2544,2.2783505154639174
1612,847,2459,1.9031877213695396
1844,768,2612,2.4010416666666665
1622,994,2616,1.6317907444668007
1742,980,2722,1.7775510204081633
1969,798,2767,2.4674185463659146
1854,742,2596,2.498652291105121
1714,949,2663,1.8061116965226554
1933,756,2689,2.556878306878307
1631,878,2509,1.857630979498861
1838,584,2422,3.1472602739726026
1666,931,2597,1.7894736842105263
1680,814,2494,2.063882063882064
1711,554,2265,3.088447653429603
1856,654,2510,2.837920489296636
1785,737,2522,2.4219810040705565
1894,596,2490,3.1778523489932886
1731,979,2710,1.7681307456588355
1769,819,2588,2.15995115995116
1833,556,2389,3.2967625899280577
1934,814,2748,2.3759213759213758
1922,995,2917,1.9316582914572864
1665,820,2485,2.0304878048780486
1629,573,2202,2.842931937172775
1950,877,2827,2.2234891676168758
1836,945,2781,1.9428571428571428
1702,668,2370,2.5479041916167664
1880,544,2424,3.4558823529411766
1823,632,2455,2.884493670886076
1639,818,2457,2.0036674816625917
1655,929,2584,1.781485468245425
1746,690,2436,2.5304347826086957
1635,603,2238,2.711442786069652
1836,536,2372,3.425373134328358
1798,895,2693,2.0089385474860335
1621,834,2455,1.9436450839328536
1978,953,2931,2.0755508919202517
1945,841,2786,2.3127229488703924
1766,762,2528,2.3175853018372705
1953,757,2710,2.5799207397622195
1983,791,2774,2.506953223767383
1949,922,2871,2.113882863340564
1768,905,2673,1.9535911602209945
1965,525,2490,3.742857142857143
1810,657,2467,2.7549467275494672
1682,859,2541,1.9580908032596043
1940,795,2735,2.440251572327044
1725,674,2399,2.559347181008902
1867,890,2757,2.0977528089887643
1911,785,2696,2.434394904458599
1917,627,2544,3.0574162679425836
1892,516,2408,3.6666666666666665
1993,987,2980,2.0192502532928063
1791,587,2378,3.0511073253833048
1749,995,2744,1.7577889447236181
1874,998,2872,1.877755511022044
1937,883,2820,2.19365798414496
1830,548,2378,3.3394160583941606
1868,728,2596,2.565934065934066
1676,924,2600,1.8138528138528138
1846,564,2410,3.273049645390071
1797,618,2415,2.907766990291262
1643,821,2464,2.0012180267965896
1650,755,2405,2.185430463576159
1940,953,2893,2.0356768100734524
1650,576,2226,2.8645833333333335
1647,900,2547,1.83
1649,783,2432,2.106002554278416
1623,809,2432,2.0061804697156984
1752,735,2487,2.3836734693877553
1659,733,2392,2.2633015006821284
1787,692,2479,2.582369942196532
1722,955,2677,1.8031413612565446
1944,768,2712,2.53125
1786,931,2717,1.9183673469387754
1924,692,2616,2.7803468208092488
1625,508,2133,3.1988188976377954
1752,792,2544,2.212121212121212
1922,880,2802,2.184090909090909
1978,511,2489,3.8708414872798436
1805,717,2522,2.517433751743375
1925,830,2755,2.319277108433735
1841,574,2415,3.207317073170732
1732,654,2386,2.6483180428134556
1889,599,2488,3.1535893155258763
1761,760,2521,2.317105263157895
1829,657,2486,2.7838660578386607
1740,703,2443,2.4751066856330013
1924,561,2485,3.429590017825312
1916,577,2493,3.320623916811092
1628,736,2364,2.2119565217391304
1628,817,2445,1.99265605875153
1725,902,2627,1.9124168514412416
1984,776,2760,2.556701030927835
1810,762,2572,2.3753280839895012
1930,780,2710,2.4743589743589745
1903,775,2678,2.455483870967742
1673,835,2508,2.0035928143712574
1656,540,2196,3.066666666666667
1920,744,2664,2.5806451612903225
1724,572,2296,3.013986013986014
1651,577,2228,2.8613518197573655
1606,675,2281,2.379259259259259
1641,724,2365,2.266574585635359
1763,923,2686,1.9100758396533044
1912,639,2551,2.992175273865415
1916,802,2718,2.3890274314214466
1733,810,2543,2.139506172839506
1945,867,2812,2.243367935409458
1959,636,2595,3.080188679245283
1883,987,2870,1.9078014184397163
1815,592,2407,3.0658783783783785
1759,649,2408,2.7103235747303542
1643,908,2551,1.8094713656387664
1824,722,2546,2.526315789473684
1983,694,2677,2.857348703170029
1750,557,2307,3.141831238779174
1982,868,2850,2.283410138248848
1647,933,2580,1.765273311897106
1836,559,2395,3.2844364937388195
1856,812,2668,2.2857142857142856
1987,741,2728,2.6815114709851553
1909,954,2863,2.00104821802935
1657,560,2217,2.9589285714285714
1883,752,2635,2.5039893617021276
1654,831,2485,1.990373044524669
1889,908,2797,2.0803964757709252
1950,612,2562,3.1862745098039214
1773,656,2429,2.7027439024390243
1998,727,2725,2.74828060522696
1771,799,2570,2.216520650813517
1910,875,2785,2.182857142857143
1994,680,2674,2.9323529411764704
1881,509,2390,3.6954813359528487
1650,892,2542,1.8497757847533631
1946,915,2861,2.126775956284153
1912,956,2868,2.0
1667,692,2359,2.408959537572254
1803,963,2766,1.8722741433021808
1887,826,2713,2.2845036319612593
1604,770,2374,2.083116883116883
1895,789,2684,2.4017743979721167
1753,534,2287,3.2827715355805243
1922,540,2462,3.5592592592592593
1613,562,2175,2.8701067615658364
1671,882,2553,1.8945578231292517
1823,683,2506,2.669106881405564
1739,701,2440,2.4807417974322394
1932,608,2540,3.1776315789473686
1659,640,2299,2.5921875
1830,963,2793,1.9003115264797508
1940,753,2693,2.5763612217795484
1782,927,2709,1.9223300970873787
1705,722,2427,2.3614958448753463
1802,563,2365,3.2007104795737122
1893,870,2763,2.1758620689655173
1623,871,2494,1.8633754305396097
1900,602,2502,3.1561461794019934
1621,555,2176,2.9207207207207206
1676,851,2527,1.9694477085781434
1790,776,2566,2.306701030927835
1738,792,2530,2.1944444444444446
1825,521,2346,3.502879078694818
1664,556,2220,2.9928057553956835
1622,989,2611,1.6400404448938322
1771,615,2386,2.8796747967479677
1837,791,2628,2.322376738305942
1797,626,2423,2.8706070287539935
1823,533,2356,3.420262664165103
1715,800,2515,2.14375
1918,810,2728,2.3679012345679014
1772,891,2663,1.9887766554433222
1985,804,2789,2.468905472636816
1834,702,2536,2.6125356125356127
1665,613,2278,2.7161500815660684
1964,529,2493,3.712665406427221
1715,876,2591,1.9577625570776256
1622,635,2257,2.5543307086614173
1783,848,2631,2.1025943396226414
1853,753,2606,2.460823373173971
1746,986,2732,1.7707910750507099
1893,812,2705,2.33128078817734
1699,737,2436,2.305291723202171
1734,822,2556,2.1094890510948905
1810,772,2582,2.344559585492228
1622,570,2192,2.8456140350877193
1925,620,2545,3.1048387096774195
1759,629,2388,2.796502384737679
1899,947,2846,2.0052798310454065
1953,780,2733,2.503846153846154
1709,581,2290,2.9414802065404473
1617,610,2227,2.6508196721311474
1628,548,2176,2.9708029197080292
1763,657,2420,2.6834094368340944
1644,622,2266,2.643086816720257
1983,653,2636,3.0367534456355285
1639,909,2548,1.803080308030803
1979,742,2721,2.6671159029649596
1684,717,2401,2.3486750348675036
1614,678,2292,2.3805309734513274
1628,615,2243,2.6471544715447153
1990,523,2513,3.8049713193116634
1890,781,2671,2.4199743918053778
1916,939,2855,2.040468583599574
1630,509,2139,3.2023575638506876
1631,785,2416,2.077707006369427
1922,556,2478,3.4568345323741005
1609,961,2570,1.6742976066597295
1890,636,2526,2.9716981132075473
1739,690,2429,2.520289855072464
1621,980,2601,1.6540816326530612
1757,806,2563,2.1799007444168734
1901,996,2897,1.9086345381526104
1826,759,2585,2.4057971014492754
1893,619,2512,3.0581583198707594
1619,508,2127,3.187007874015748
1776,630,2406,2.8190476190476192
1677,838,2515,2.0011933174224343
1910,585,2495,3.264957264957265
1976,748,2724,2.641711229946524
1819,712,2531,2.5547752808988764
1983,975,2958,2.0338461538461536
1852,704,2556,2.6306818181818183
1786,507,2293,3.5226824457593686
1730,820,2550,2.1097560975609757
1955,864,2819,2.2627314814814814
1840,834,2674,2.2062350119904077
1949,666,2615,2.9264264264264264
1759,724,2483,2.429558011049724
1981,519,2500,3.816955684007707
1892,834,2726,2.2685851318944845
1955,714,2669,2.738095238095238
1805,809,2614,2.23114956736712
1715,637,2352,2.6923076923076925
1889,564,2453,3.349290780141844
1642,637,2279,2.5777080062794346
1667,692,2359,2.408959537572254
1940,653,2593,2.970903522205207
1875,746,2621,2.513404825737265
1667,874,2541,1.9073226544622426
1728,877,2605,1.9703534777651084
1872,760,2632,2.463157894736842
1922,616,2538,3.1201298701298703
1829,620,2449,2.95
1869,718,2587,2.603064066852368
1627,810,2437,2.008641975308642
1994,765,2759,2.6065359477124184
1889,742,2631,2.545822102425876
1977,934,2911,2.1167023554603857
1869,815,2684,2.2932515337423314
1830,548,2378,3.3394160583941606
1705,896,2601,1.9029017857142858
1748,987,2735,1.7710233029381965
1908,935,2843,2.0406417112299464
1740,860,2600,2.0232558139534884
1750,575,2325,3.0434782608695654
1815,613,2428,2.960848287112561
1970,684,2654,2.8801169590643276
1631,667,2298,2.44527736131934
1874,936,2810,2.002136752136752
1913,574,2487,3.332752613240418
1791,854,2645,2.0971896955503513
1940,657,2597,2.9528158295281584
1973,707,2680,2.7906647807637905
1662,920,2582,1.8065217391304347
1778,812,2590,2.189655172413793
1743,717,2460,2.430962343096234
1862,577,2439,3.2270363951473136
1829,631,2460,2.8985736925515058
1973,799,2772,2.469336670838548
1868,993,2861,1.8811681772406847
1815,949,2764,1.9125395152792413
1850,936,2786,1.9764957264957266
1711,830,2541,2.06144578313253
1972,907,2879,2.1742006615214993
1737,652,2389,2.664110429447853
1921,722,2643,2.660664819944598
1956,643,2599,3.04199066874028
1787,990,2777,1.805050505050505
1854,704,2558,2.633522727272727
1928,762,2690,2.5301837270341205
1761,898,2659,1.9610244988864143
1828,623,2451,2.9341894060995184
1839,786,2625,2.3396946564885495
1827,620,2447,2.946774193548387
1679,728,2407,2.306318681318681
1744,519,2263,3.3603082851637764
1972,731,2703,2.697674418604651
1602,647,2249,2.476043276661515
1651,591,2242,2.793570219966159
1844,768,2612,2.4010416666666665
1944,608,2552,3.1973684210526314
1889,800,2689,2.36125
1630,707,2337,2.3055162659123054
1908,549,2457,3.4754098360655736
1933,512,2445,3.775390625
1765,665,2430,2.654135338345865
1745,584,2329,2.988013698630137
1617,785,2402,2.0598726114649684
1646,901,2547,1.8268590455049944
1995,872,2867,2.2878440366972477
1955,885,2840,2.209039548022599
1670,506,2176,3.300395256916996
1694,778,2472,2.177377892030848
1937,646,2583,2.998452012383901
1684,540,2224,3.1185185185185187
1829,628,2457,2.912420382165605
1731,553,2284,3.1301989150090415
1909,669,2578,2.8535127055306426
1892,828,2720,2.285024154589372
1970,768,2738,2.5651041666666665
1626,597,2223,2.7236180904522613
1717,514,2231,3.340466926070039
1653,586,2239,2.8208191126279862
1774,925,2699,1.9178378378378378
1986,737,2723,2.694708276797829
1760,616,2376,2.857142857142857
1651,576,2227,2.8663194444444446
1884,707,2591,2.664780763790665
1785,575,2360,3.1043478260869564
1702,878,2580,1.938496583143508
1874,692,2566,2.708092485549133
1935,703,2638,2.7524893314367
1605,938,2543,1.711087420042644
1849,709,2558,2.607898448519041
1841,876,2717,2.1015981735159817
1920,739,2659,2.598105548037889
1974,968,2942,2.0392561983471076
1912,591,2503,3.2351945854483923
1628,614,2242,2.6514657980456025
1797,943,2740,1.9056203605514317
1674,580,2254,2.886206896551724
1615,727,2342,2.221458046767538
1655,519,2174,3.188824662813102
1767,956,2723,1.848326359832636
1896,613,2509,3.0929853181076674
1770,634,2404,2.7917981072555205
1667,642,2309,2.5965732087227416
1810,681,2491,2.657856093979442
1873,976,2849,1.9190573770491803
1835,989,2824,1.8554095045500505
1617,842,2459,1.9204275534441806
1875,985,2860,1.9035532994923858
1956,863,2819,2.2665121668597914
1919,938,2857,2.0458422174840085
1691,743,2434,2.2759084791386273
1901,598,2499,3.178929765886288
1927,608,2535,3.169407894736842
1910,511,2421,3.7377690802348336
1660,879,2539,1.888509670079636
1993,741,2734,2.689608636977058
1973,591,2564,3.338409475465313
1811,917,2728,1.974918211559433
1723,712,2435,2.419943820224719
1803,568,2371,3.1742957746478875
1619,886,2505,1.827313769751693
1989,906,2895,2.1953642384105962
1804,780,2584,2.312820512820513
1681,517,2198,3.251450676982592
1795,761,2556,2.3587385019710907
1734,957,2691,1.811912225705329
1914,620,2534,3.087096774193548
1996,885,2881,2.255367231638418
1625,663,2288,2.450980392156863
1937,754,2691,2.5689655172413794
1694,909,2603,1.8635863586358636
1645,617,2262,2.6661264181523503
1650,723,2373,2.2821576763485476
1759,517,2276,3.402321083172147
1728,607,2335,2.8467874794069195
1680,733,2413,2.291950886766712
1917,520,2437,3.6865384615384613
1604,961,2565,1.6690946930280957
1834,623,2457,2.943820224719101
1703,905,2608,1.881767955801105
1709,540,2249,3.164814814814815
1686,944,2630,1.7860169491525424
1684,829,2513,2.0313630880579012
1678,796,2474,2.108040201005025
1797,997,2794,1.802407221664995
1682,551,2233,3.0526315789473686
1790,765,2555,2.3398692810457518
1804,764,2568,2.3612565445026177
1896,927,2823,2.045307443365696
1673,734,2407,2.279291553133515
1994,937,2931,2.128068303094984
1607,836,2443,1.9222488038277512
1714,899,2613,1.9065628476084537
1939,624,2563,3.1073717948717947
1784,847,2631,2.106257378984652
1855,717,2572,2.5871687587168757
1878,588,2466,3.193877551020408
1730,533,2263,3.24577861163227
1813,996,2809,1.820281124497992
1630,988,2618,1.6497975708502024
1767,935,2702,1.8898395721925134
1984,534,2518,3.715355805243446
1886,882,2768,2.1383219954648527
1674,977,2651,1.7134083930399182
1987,965,2952,2.0590673575129532
1736,571,2307,3.040280210157618
1697,771,2468,2.2010376134889755
1849,937,2786,1.9733191035218782
1614,580,2194,2.782758620689655
1638,994,2632,1.647887323943662
1935,684,2619,2.8289473684210527
1616,509,2125,3.174852652259332
1672,655,2327,2.552671755725191
1940,639,2579,3.035993740219092
1854,845,2699,2.1940828402366863
1775,615,2390,2.886178861788618
1793,641,2434,2.797191887675507
1682,779,2461,2.159178433889602
1787,593,2380,3.0134907251264758
1797,878,2675,2.0466970387243735
1655,649,2304,2.5500770416024654
1820,564,2384,3.226950354609929
1962,647,2609,3.0324574961360122
1736,616,2352,2.8181818181818183
1787,536,2323,3.333955223880597
1674,594,2268,2.8181818181818183
1764,844,2608,2.090047393364929
1658,610,2268,2.718032786885246
1788,806,2594,2.2183622828784118
1942,729,2671,2.663923182441701
1741,840,2581,2.072619047619048
1747,803,2550,2.175591531755915
1886,517,2403,3.6479690522243713
1626,919,2545,1.7693144722524483
1859,702,2561,2.6481481481481484
1756,801,2557,2.192259675405743
1771,562,2333,3.1512455516014235
1630,870,2500,1.8735632183908046
1915,665,2580,2.8796992481203008
1726,542,2268,3.1845018450184504
1967,961,2928,2.0468262226847034
1715,971,2686,1.7662203913491246
1726,661,2387,2.611195158850227
1600,818,2418,1.9559902200488997
1906,543,2449,3.5101289134438307
1899,860,2759,2.208139534883721
1825,873,2698,2.0904925544100803
1820,863,2683,2.108922363847045
1994,729,2723,2.7352537722908092
1717,942,2659,1.8227176220806793
1877,561,2438,3.3458110516934045
1896,620,2516,3.0580645161290323
1972,938,2910,2.1023454157782515
1946,508,2454,3.8307086614173227
1996,912,2908,2.18859649122807
1888,961,2849,1.9646201873048907
1612,822,2434,1.9610705596107056
1880,926,2806,2.0302375809935205
1875,902,2777,2.0787139689578713
1923,632,2555,3.0427215189873418
1709,995,2704,1.7175879396984925
1942,593,2535,3.274873524451939
1930,736,2666,2.6222826086956523
1821,730,2551,2.4945205479452053
1894,697,2591,2.7173601147776183
1768,627,2395,2.819776714513557
1775,728,2503,2.4381868131868134
1815,541,2356,3.354898336414048
1734,981,2715,1.7675840978593271
1645,790,2435,2.0822784810126582
1823,684,2507,2.665204678362573
1959,948,2907,2.0664556962025316
1993,819,2812,2.4334554334554332
1859,968,2827,1.9204545454545454
1850,648,2498,2.8549382716049383
1740,823,2563,2.114216281895504
1844,984,2828,1.8739837398373984
1989,674,2663,2.951038575667656
1931,611,2542,3.1603927986906712
1666,818,2484,2.0366748166259168
1737,871,2608,1.9942594718714122
1896,971,2867,1.952626158599382
1803,773,2576,2.332470892626132
1746,862,2608,2.0255220417633413
1750,585,2335,2.9914529914529915
1681,706,2387,2.3810198300283285
1750,930,2680,1.881720430107527
1642,563,2205,2.91651865008881
1647,687,2334,2.3973799126637556
1690,843,2533,2.0047449584816133
1693,515,2208,3.287378640776699
1751,736,2487,2.379076086956522
1894,570,2464,3.3228070175438598
1871,511,2382,3.6614481409001955
1689,901,2590,1.874583795782464
1633,526,2159,3.1045627376425857
1938,763,2701,2.5399737876802098
1670,662,2332,2.5226586102719035
1763,545,2308,3.234862385321101
1953,776,2729,2.5167525773195876
1633,722,2355,2.2617728531855956
1758,955,2713,1.8408376963350785
1779,513,2292,3.4678362573099415
1605,824,2429,1.9478155339805825
1691,839,2530,2.0154946364719906
1901,530,2431,3.586792452830189
1633,820,2453,1.9914634146341463
1986,544,2530,3.650735294117647
1695,718,2413,2.360724233983287
1650,982,2632,1.680244399185336
1690,976,2666,1.7315573770491803
1625,905,2530,1.7955801104972375
1956,976,2932,2.0040983606557377
1763,645,2408,2.7333333333333334
1764,667,2431,2.6446776611694154
1913,898,2811,2.1302895322939865
1736,595,2331,2.9176470588235293
1825,523,2348,3.4894837476099427
1778,591,2369,3.008460236886633
1974,653,2627,3.022970903522205
1997,762,2759,2.620734908136483
1884,556,2440,3.3884892086330933
1603,527,2130,3.0417457305502844
1777,563,2340,3.1563055062166963
1723,894,2617,1.9272930648769575
1627,528,2155,3.081439393939394
1853,539,2392,3.437847866419295
1822,689,2511,2.6444121915820027
1995,825,2820,2.418181818181818
1707,544,2251,3.1378676470588234
1797,584,2381,3.077054794520548
1759,562,2321,3.1298932384341636
1715,603,2318,2.844112769485904
1769,583,2352,3.0343053173241854
1884,654,2538,2.8807339449541285
1810,998,2808,1.813627254509018
1669,628,2297,2.6576433121019107
1782,834,2616,2.1366906474820144
1686,868,2554,1.9423963133640554
1793,814,2607,2.2027027027027026
1927,879,2806,2.19226393629124
1904,566,2470,3.363957597173145
1779,989,2768,1.7987866531850354
1813,756,2569,2.3981481481481484
1916,868,2784,2.207373271889401
1741,538,2279,3.2360594795539033
1665,511,2176,3.2583170254403133
1872,569,2441,3.289982425307557
1931,980,2911,1.970408163265306
1644,880,2524,1.8681818181818182
1623,591,2214,2.746192893401015
1941,946,2887,2.051797040169133
1710,919,2629,1.8607181719260066
1870,702,2572,2.663817663817664
1746,853,2599,2.0468933177022275
1710,630,2340,2.7142857142857144
1762,507,2269,3.47534516765286
1830,691,2521,2.6483357452966714
1612,900,2512,1.791111111111111
1794,930,2724,1.929032258064516
1753,991,2744,1.768920282542886
1671,718,2389,2.3272980501392757
1683,691,2374,2.435600578871201
1646,922,2568,1.7852494577006508
1853,646,2499,2.8684210526315788
1924,988,2912,1.9473684210526316
1774,923,2697,1.9219934994582881
1621,882,2503,1.8378684807256236
1779,612,2391,2.906862745098039
1814,694,2508,2.6138328530259365
1990,792,2782,2.5126262626262625
1950,864,2814,2.2569444444444446
1945,995,2940,1.9547738693467336
1718,887,2605,1.9368658399098084
1795,773,2568,2.3221216041397152
1765,772,2537,2.2862694300518136
1840,576,2416,3.1944444444444446
1907,776,2683,2.457474226804124
1809,545,2354,3.3192660550458717
1807,594,2401,3.042087542087542
1704,617,2321,2.761750405186386
1756,951,2707,1.8464773922187172
1992,613,2605,3.2495921696574226
1768,846,2614,2.08983451536643
1761,964,2725,1.8267634854771784
1768,664,2432,2.6626506024096384
1985,517,2502,3.839458413926499
1854,958,2812,1.9352818371607516
1872,759,2631,2.466403162055336
1738,694,2432,2.5043227665706054
1761,986,2747,1.7860040567951319
1985,580,2565,3.4224137931034484
1993,793,2786,2.5132408575031526
1820,900,2720,2.022222222222222
1711,521,2232,3.2840690978886755
1742,735,2477,2.3700680272108845
1623,551,2174,2.9455535390199636
1860,831,2691,2.2382671480144403
1754,675,2429,2.5985185185185187
1843,533,2376,3.4577861163227017
1889,752,2641,2.511968085106383
1833,831,2664,2.2057761732851984
1767,842,2609,2.098574821852732
1766,685,2451,2.578102189781022
1754,749,2503,2.341789052069426
1820,577,2397,3.1542461005199307
1740,543,2283,3.2044198895027622
1935,858,2793,2.2552447552447554
1644,921,2565,1.785016286644951
1847,686,2533,2.692419825072886
1987,591,2578,3.3620981387478848
1985,535,2520,3.710280373831776
1806,649,2455,2.782742681047766
1897,908,2805,2.08920704845815
1626,508,2134,3.2007874015748032
1660,582,2242,2.852233676975945
1835,637,2472,2.880690737833595
1703,807,2510,2.1102850061957867
1727,974,2701,1.773100616016427
1711,679,2390,2.519882179675994
1968,553,2521,3.5587703435804703
1815,563,2378,3.2238010657193605
1827,673,2500,2.7147102526002973
1678,986,2664,1.7018255578093306
1872,785,2657,2.3847133757961783
1944,552,2496,3.5217391304347827
1791,870,2661,2.0586206896551724
1797,947,2744,1.897571277719113
1796,544,2340,3.301470588235294
1895,593,2488,3.1956155143338956
1754,829,2583,2.115802171290712
1698,510,2208,3.3294117647058825
1800,523,2323,3.4416826003824093
1633,792,2425,2.061868686868687
1726,878,2604,1.9658314350797266
1667,529,2196,3.1512287334593574
1804,917,2721,1.9672846237731734
1879,663,2542,2.834087481146305
1858,974,2832,1.9075975359342916
1831,884,2715,2.071266968325792
1836,862,2698,2.1299303944315544
1745,588,2333,2.9676870748299318
1785,604,2389,2.955298013245033
1833,536,2369,3.419776119402985
1904,717,2621,2.6555090655509064
1648,588,2236,2.802721088435374
1664,612,2276,2.718954248366013
1600,566,2166,2.8268551236749118
1891,796,2687,2.3756281407035176
1727,657,2384,2.628614916286149
1931,791,2722,2.441213653603034
1984,994,2978,1.9959758551307847
1658,528,2186,3.140151515151515
1718,658,2376,2.6109422492401215
1633,964,2597,1.6939834024896265
1899,637,2536,2.9811616954474096
1726,953,2679,1.8111227701993704
1874,632,2506,2.9651898734177213
1863,733,2596,2.5416098226466577
1929,798,2727,2.417293233082707
1642,591,2233,2.77834179357022
1861,992,2853,1.876008064516129
1718,992,2710,1.7318548387096775
1885,651,2536,2.8955453149001538
1984,952,2936,2.0840336134453783
1874,599,2473,3.1285475792988313
1846,790,2636,2.3367088607594937
1906,744,2650,2.5618279569892475
1683,855,2538,1.9684210526315788
1885,816,2701,2.310049019607843
1932,897,2829,2.1538461538461537
1829,667,2496,2.742128935532234
1666,618,2284,2.6957928802588995
1835,527,2362,3.4819734345351043
1645,922,2567,1.7841648590021693
1774,902,2676,1.966740576496674
1651,609,2260,2.7110016420361247
1768,667,2435,2.6506746626686657
1912,852,2764,2.244131455399061
1651,922,2573,1.7906724511930585
1864,501,2365,3.720558882235529
1619,978,2597,1.6554192229038855
1920,517,2437,3.713733075435203
1679,855,2534,1.9637426900584796
1844,904,2748,2.0398230088495577
1647,858,2505,1.9195804195804196
1875,837,2712,2.240143369175627
1687,748,2435,2.2553475935828877
1915,589,2504,3.2512733446519526
1834,752,2586,2.4388297872340425
1931,972,2903,1.9866255144032923
1710,695,2405,2.460431654676259
1728,966,2694,1.7888198757763976
1931,967,2898,1.9968976215098242
1634,830,2464,1.9686746987951806
1689,935,2624,1.8064171122994652
1985,852,2837,2.32981220657277
1668,710,2378,2.3492957746478873
1747,564,2311,3.097517730496454
1777,883,2660,2.012457531143828
1709,958,2667,1.7839248434237995
1908,701,2609,2.7218259629101285
1755,871,2626,2.014925373134328
1908,677,2585,2.8183161004431314
1640,993,2633,1.6515609264853979
1955,508,2463,3.8484251968503935
1737,508,2245,3.4192913385826773
1854,508,2362,3.6496062992125986
1831,525,2356,3.487619047619048
1986,663,2649,2.995475113122172
1867,952,2819,1.9611344537815125
1874,764,2638,2.4528795811518322
1838,624,2462,2.9455128205128207
1865,875,2740,2.1314285714285712
1689,525,2214,3.217142857142857
1749,686,2435,2.5495626822157433
1946,883,2829,2.203850509626274
1902,933,2835,2.0385852090032155
1891,703,2594,2.689900426742532
1871,611,2482,3.062193126022913
1648,541,2189,3.0462107208872458
1862,714,2576,2.607843137254902
1693,689,2382,2.4571843251088534
1700,525,2225,3.238095238095238
1876,788,2664,2.3807106598984773
1693,918,2611,1.8442265795206971
1917,707,2624,2.7114568599717113
1755,808,2563,2.172029702970297
1678,704,2382,2.383522727272727
1657,504,2161,3.2876984126984126
1785,874,2659,2.04233409610984
1652,632,2284,2.6139240506329116
1603,990,2593,1.6191919191919193
1878,744,2622,2.524193548387097
1953,555,2508,3.518918918918919
1800,576,2376,3.125
1722,606,2328,2.8415841584158414
1689,721,2410,2.3425797503467405
1856,707,2563,2.6251768033946252
1749,944,2693,1.8527542372881356
1862,758,2620,2.4564643799472297
1740,509,2249,3.418467583497053
1784,521,2305,3.4241842610364683
1601,658,2259,2.433130699088146
1794,620,2414,2.893548387096774
1826,984,2810,1.8556910569105691
1912,638,2550,2.9968652037617556
1871,890,2761,2.102247191011236
1628,879,2507,1.852104664391354
1833,918,2751,1.9967320261437909
1979,585,2564,3.382905982905983
1716,558,2274,3.075268817204301
1760,571,2331,3.08231173380035
1973,663,2636,2.975867269984917
1636,826,2462,1.9806295399515739
1892,660,2552,2.8666666666666667
1979,917,2896,2.158124318429662
1690,564,2254,2.99645390070922
1792,779,2571,2.300385109114249
1708,851,2559,2.007050528789659
1610,922,2532,1.7462039045553146
1742,528,2270,3.2992424242424243
1667,723,2390,2.30567081604426
1892,572,2464,3.3076923076923075
1728,949,2677,1.8208640674394099
1923,735,2658,2.6163265306122447
1884,605,2489,3.1140495867768596
1653,729,2382,2.2674897119341564
1662,868,2530,1.9147465437788018
1812,714,2526,2.53781512605042
1616,872,2488,1.853211009174312
1881,717,2598,2.6234309623430963
1905,895,2800,2.1284916201117317
1779,567,2346,3.1375661375661377
1802,859,2661,2.09778812572759
1617,936,2553,1.7275641025641026
1710,827,2537,2.0677146311970978
1747,517,2264,3.379110251450677
1984,642,2626,3.0903426791277258
1691,559,2250,3.0250447227191413
1835,927,2762,1.9795037756202805
1770,907,2677,1.9514884233737597
1839,644,2483,2.8555900621118013
1636,562,2198,2.911032028469751
1851,888,2739,2.0844594594594597
1844,691,2535,2.6685962373371925
1960,763,2723,2.5688073394495414
1630,578,2208,2.820069204152249
1635,926,2561,1.7656587473002159
1892,552,2444,3.427536231884058
1812,996,2808,1.819277108433735
1940,737,2677,2.632293080054274
1792,749,2541,2.392523364485981
1822,559,2381,3.259391771019678
1742,972,2714,1.7921810699588476
1947,590,2537,3.3
1601,567,2168,2.82363315696649
1844,992,2836,1.8588709677419355
1764,876,2640,2.0136986301369864
1642,701,2343,2.342368045649073
1748,876,2624,1.995433789954338
1631,750,2381,2.1746666666666665
1893,795,2688,2.3811320754716983
1969,814,2783,2.418918918918919
1759,508,2267,3.4625984251968505
1643,666,2309,2.466966966966967
1617,525,2142,3.08
1630,844,2474,1.9312796208530805
1869,535,2404,3.493457943925234
1813,919,2732,1.9727965179542981
1973,932,2905,2.116952789699571
1786,615,2401,2.9040650406504067
1810,748,2558,2.4197860962566846
1754,888,2642,1.9752252252252251
1917,976,2893,1.964139344262295
1724,826,2550,2.0871670702179177
1802,910,2712,1.9802197802197803
1801,946,2747,1.9038054968287526
1746,910,2656,1.9186813186813187
1691,839,2530,2.0154946364719906
1702,817,2519,2.083231334149327
1714,511,2225,3.3542074363992174
1902,875,2777,2.173714285714286
1825,706,2531,2.584985835694051
1917,585,2502,3.276923076923077
1730,639,2369,2.70735524256651
1827,687,2514,2.6593886462882095
1822,706,2528,2.5807365439093486
1987,557,2544,3.5673249551166966
1627,549,2176,2.963570127504554
1862,830,2692,2.243373493975904
1791,823,2614,2.176184690157959
1917,670,2587,2.861194029850746
1874,811,2685,2.310727496917386
1781,742,2523,2.4002695417789757
1815,655,2470,2.7709923664122136
1993,654,2647,3.047400611620795
1752,952,2704,1.8403361344537814
1952,743,2695,2.6271870794078063
1861,799,2660,2.3291614518147683
1815,925,2740,1.962162162162162
1670,786,2456,2.1246819338422394
1904,941,2845,2.0233793836344316
1659,511,2170,3.2465753424657535
1690,901,2591,1.8756936736958933
1811,812,2623,2.230295566502463
1688,664,2352,2.5421686746987953
1762,641,2403,2.7488299531981277
1691,620,2311,2.72741935483871
1898,922,2820,2.058568329718004
1800,801,2601,2.247191011235955
1846,564,2410,3.273049645390071
1971,691,2662,2.8523878437047756
1817,998,2815,1.8206412825651304
1780,750,2530,2.3733333333333335
1968,791,2759,2.4879898862199745
1894,731,2625,2.5909712722298224
1971,678,2649,2.9070796460176993
1750,872,2622,2.006880733944954
1951,566,2517,3.4469964664310955
1749,978,2727,1.7883435582822085
1763,996,2759,1.7700803212851406
1980,976,2956,2.028688524590164
1655,953,2608,1.7366211962224554
1927,861,2788,2.238095238095238
1603,917,2520,1.748091603053435
1684,868,2552,1.9400921658986174
1777,528,2305,3.365530303030303
1734,616,2350,2.814935064935065
1907,776,2683,2.457474226804124
1837,511,2348,3.5949119373776908
1722,916,2638,1.8799126637554586
1694,541,2235,3.1312384473197783
1651,965,2616,1.710880829015544
1747,726,2473,2.40633608815427
1968,724,2692,2.718232044198895
1878,779,2657,2.410783055198973
1635,870,2505,1.8793103448275863
1831,613,2444,2.9869494290375203
1819,867,2686,2.0980392156862746
1815,659,2474,2.754172989377845
1949,614,2563,3.1742671009771986
1886,680,2566,2.773529411764706
1639,576,2215,2.845486111111111
1865,505,2370,3.6930693069306932
1690,585,2275,2.888888888888889
1719,629,2348,2.7329093799682034
1851,506,2357,3.658102766798419
1980,754,2734,2.625994694960212
1863,614,2477,3.034201954397394
1964,554,2518,3.545126353790614
1991,500,2491,3.982
1607,714,2321,2.250700280112045
1883,947,2830,1.9883843717001055
1787,771,2558,2.317769130998703
1879,655,2534,2.8687022900763357
1776,592,2368,3.0
1941,988,2929,1.964574898785425
1665,836,2501,1.9916267942583732
1989,587,2576,3.3884156729131174
1904,872,2776,2.18348623853211
1924,565,2489,3.405309734513274
1748,713,2461,2.4516129032258065
1755,640,2395,2.7421875
1953,578,2531,3.378892733564014
1968,818,2786,2.4058679706601467
1647,544,2191,3.0275735294117645
1996,710,2706,2.8112676056338026
1642,701,2343,2.342368045649073
1812,624,2436,2.9038461538461537
1798,904,2702,1.988938053097345
1659,875,2534,1.896
1872,700,2572,2.6742857142857144
1643,952,2595,1.7258403361344539
1899,958,2857,1.9822546972860124
1936,996,2932,1.9437751004016064
1627,871,2498,1.86796785304248
1625,996,2621,1.6315261044176708
1740,726,2466,2.396694214876033
1761,792,2553,2.2234848484848486
1667,555,2222,3.0036036036036036
1609,773,2382,2.0815006468305306
1703,741,2444,2.2982456140350878
1870,626,2496,2.987220447284345
1832,557,2389,3.289048473967684
1612,923,2535,1.7464788732394365
1626,984,2610,1.6524390243902438
1623,553,2176,2.934900542495479
1711,612,2323,2.795751633986928
1947,657,2604,2.963470319634703
1843,699,2542,2.636623748211731
1857,940,2797,1.975531914893617
1961,952,2913,2.0598739495798317
1769,523,2292,3.382409177820268
1677,630,2307,2.6619047619047618
1759,521,2280,3.3761996161228405
1957,741,2698,2.641025641025641
1768,570,2338,3.101754385964912
1800,990,2790,1.8181818181818181
1655,855,2510,1.935672514619883
1847,855,2702,2.160233918128655
1961,750,2711,2.6146666666666665
1823,975,2798,1.8697435897435897
1907,531,2438,3.591337099811676
1608,626,2234,2.5686900958466454
1752,667,2419,2.626686656671664
1788,817,2605,2.1884944920440637
1881,737,2618,2.5522388059701493
1801,860,2661,2.094186046511628
1828,846,2674,2.160756501182033
1688,820,2508,2.0585365853658537
1905,900,2805,2.1166666666666667
1908,749,2657,2.54739652870494
1807,733,2540,2.4652114597544337
1898,624,2522,3.0416666666666665
1862,883,2745,2.1087202718006797
1975,907,2882,2.1775082690187433
1915,705,2620,2.7163120567375887
1801,585,2386,3.078632478632479
1799,882,2681,2.0396825396825395
1907,579,2486,3.2936096718480137
1999,754,2753,2.651193633952255
1822,558,2380,3.2652329749103943
1802,549,2351,3.2823315118397085
1662,825,2487,2.0145454545454546
1905,842,2747,2.2624703087885987
1740,872,2612,1.9954128440366972
1775,504,2279,3.5218253968253967
1800,975,2775,1.8461538461538463
1816,660,2476,2.7515151515151515
1672,964,2636,1.7344398340248963
1901,528,2429,3.600378787878788
1759,623,2382,2.823434991974318
1917,584,2501,3.2825342465753424
1646,752,2398,2.1888297872340425
1968,873,2841,2.254295532646048
1956,998,2954,1.9599198396793587
1914,862,2776,2.2204176334106727
1746,984,2730,1.774390243902439
1601,643,2244,2.489891135303266
1808,694,2502,2.605187319884726
1926,864,2790,2.2291666666666665
1763,579,2342,3.0449050086355784
1964,603,2567,3.257048092868988
1612,516,2128,3.124031007751938
1623,815,2438,1.9914110429447853
1736,623,2359,2.7865168539325844
1928,902,2830,2.1374722838137474
1808,842,2650,2.147268408551069
1766,775,2541,2.278709677419355
1603,882,2485,1.8174603174603174
1632,618,2250,2.6407766990291264
1689,615,2304,2.7463414634146344
1665,941,2606,1.769394261424017
1746,999,2745,1.7477477477477477
1877,986,2863,1.9036511156186613
1954,665,2619,2.9383458646616543
1763,830,2593,2.1240963855421686
1876,892,2768,2.103139013452915
1956,701,2657,2.790299572039943
1803,916,2719,1.9683406113537119
1687,896,2583,1.8828125
1695,826,2521,2.0520581113801453
1909,880,2789,2.169318181818182
1960,730,2690,2.684931506849315
1631,986,2617,1.654158215010142
1887,723,2610,2.6099585062240664
1904,699,2603,2.7238912732474962
1912,961,2873,1.9895941727367326
1714,530,2244,3.2339622641509433
1885,939,2824,2.007454739084132
1835,528,2363,3.475378787878788
1796,698,2494,2.5730659025787967
1784,974,2758,1.8316221765913758
1951,758,2709,2.573878627968338
1951,528,2479,3.695075757575758
1626,775,2401,2.0980645161290323
1875,653,2528,2.8713629402756506
1727,549,2276,3.145719489981785
1882,946,2828,1.9894291754756872
1821,671,2492,2.7138599105812222
1632,873,2505,1.8694158075601375
1655,512,2167,3.232421875
1636,994,2630,1.6458752515090542
1671,676,2347,2.4718934911242605
1951,773,2724,2.523932729624838
1631,979,2610,1.665985699693565
1687,666,2353,2.533033033033033
1925,814,2739,2.364864864864865
1633,678,2311,2.4085545722713864
1830,668,2498,2.7395209580838324
1893,818,2711,2.3141809290953543
1980,671,2651,2.9508196721311477
1891,712,2603,2.6558988764044944
1624,921,2545,1.763300760043431
1702,909,2611,1.8723872387238725
1847,995,2842,1.8562814070351759
1856,854,2710,2.1733021077283374
1651,668,2319,2.4715568862275448
1742,934,2676,1.8650963597430408
1926,846,2772,2.276595744680851
1987,947,2934,2.098204857444562
1838,880,2718,2.088636363636364
1831,584,2415,3.13527397260274
1864,822,2686,2.267639902676399
1627,960,2587,1.6947916666666667
1755,923,2678,1.9014084507042253
1854,517,2371,3.586073500967118
1991,944,2935,2.1091101694915255
1778,651,2429,2.7311827956989245
1606,567,2173,2.8324514991181657
1946,838,2784,2.3221957040572794
1883,616,2499,3.0568181818181817
1908,864,2772,2.2083333333333335
1752,540,2292,3.2444444444444445
1850,844,2694,2.191943127962085
1697,534,2231,3.1779026217228465
1656,580,2236,2.8551724137931034
1902,915,2817,2.078688524590164
1733,643,2376,2.6951788491446345
1689,953,2642,1.7722980062959077
1790,544,2334,3.2904411764705883
1824,730,2554,2.4986301369863013
1809,784,2593,2.3073979591836733
1719,886,2605,1.940180586907449
1946,614,2560,3.1693811074918568
1766,554,2320,3.187725631768953
1753,799,2552,2.1939924906132666
1764,582,2346,3.0309278350515463
1704,797,2501,2.13801756587202
1627,967,2594,1.6825232678386763
1808,931,2739,1.9419978517722878
1762,670,2432,2.629850746268657
1815,781,2596,2.323943661971831
1728,764,2492,2.261780104712042
1839,905,2744,2.0320441988950275
1710,527,2237,3.2447817836812143
1795,589,2384,3.0475382003395586
1867,666,2533,2.8033033033033035
1666,918,2584,1.8148148148148149
1685,505,2190,3.3366336633663365
1798,870,2668,2.066666666666667
1907,847,2754,2.2514757969303423
1612,706,2318,2.28328611898017
1896,764,2660,2.481675392670157
1649,967,2616,1.705274043433299
1613,574,2187,2.8101045296167246
1897,776,2673,2.4445876288659796
1729,621,2350,2.784219001610306
1952,661,2613,2.9531013615733737
1877,998,2875,1.8807615230460921
1653,787,2440,2.100381194409149
1768,509,2277,3.4734774066797645
1720,604,2324,2.847682119205298
1775,858,2633,2.0687645687645686
1918,514,2432,3.7315175097276265
1619,814,2433,1.988943488943489
1903,739,2642,2.57510148849797
1883,913,2796,2.062431544359255
1993,745,2738,2.6751677852348994
1944,743,2687,2.6164199192462987
1672,583,2255,2.8679245283018866
1888,669,2557,2.8221225710014948
1817,943,2760,1.9268292682926829
1783,555,2338,3.2126126126126127
1969,699,2668,2.816881258941345
1805,641,2446,2.8159126365054603
1924,539,2463,3.569573283858998
1726,843,2569,2.0474495848161327
1960,710,2670,2.76056338028169
1843,613,2456,3.00652528548124
1880,612,2492,3.0718954248366015
1852,980,2832,1.889795918367347
1715,976,2691,1.757172131147541
1641,658,2299,2.4939209726443767
1913,949,2862,2.0158061116965227
1732,858,2590,2.0186480186480185
1939,814,2753,2.382063882063882
1614,705,2319,2.2893617021276595
1995,837,2832,2.3835125448028673
1756,646,2402,2.718266253869969
1711,885,2596,1.9333333333333333
1965,530,2495,3.707547169811321
1873,948,2821,1.9757383966244726
1911,761,2672,2.511169513797635
1897,545,2442,3.4807339449541286
1666,585,2251,2.847863247863248
1725,514,2239,3.3560311284046693
1967,972,2939,2.0236625514403292
1733,621,2354,2.790660225442834
1751,645,2396,2.7147286821705428
1654,625,2279,2.6464
1995,724,2719,2.755524861878453
1899,1000,2899,1.899
1730,533,2263,3.24577861163227
1973,618,2591,3.192556634304207
1728,887,2615,1.948139797068771
1883,685,2568,2.7489051094890513
1752,754,2506,2.323607427055703
1783,945,2728,1.8867724867724869
1827,849,2676,2.1519434628975267
1687,988,2675,1.70748987854251
1949,579,2528,3.366148531951641
1783,657,2440,2.713850837138508
1722,747,2469,2.3052208835341363
1627,725,2352,2.2441379310344827
1671,647,2318,2.582689335394127
1947,984,2931,1.978658536585366
1888,789,2677,2.3929024081115338
1932,852,2784,2.267605633802817
1901,797,2698,2.385194479297365
1675,871,2546,1.9230769230769231
1663,557,2220,2.985637342908438
1886,961,2847,1.9625390218522372
1644,782,2426,2.10230179028133
1904,959,2863,1.9854014598540146
1934,668,2602,2.895209580838323
1662,564,2226,2.9468085106382977
1760,657,2417,2.678843226788432
1726,730,2456,2.3643835616438356
1948,618,2566,3.1521035598705502
1792,799,2591,2.2428035043804755
1881,616,2497,3.0535714285714284
1809,669,2478,2.704035874439462
1948,546,2494,3.567765567765568
1688,659,2347,2.5614567526555385
1768,724,2492,2.4419889502762433
1982,884,2866,2.242081447963801
1609,974,2583,1.6519507186858315
1650,894,2544,1.8456375838926173
1731,607,2338,2.8517298187808895
1816,893,2709,2.0335946248600223
1961,725,2686,2.7048275862068967
1712,675,2387,2.5362962962962965
1717,846,2563,2.0295508274231677
1658,539,2197,3.0760667903525047
1726,697,2423,2.476327116212339
1972,926,2898,2.1295896328293735
1972,790,2762,2.4962025316455696
1800,760,2560,2.3684210526315788
1755,568,2323,3.089788732394366
1871,954,2825,1.9612159329140462
1824,752,2576,2.425531914893617
1739,906,2645,1.9194260485651213
1606,734,2340,2.188010899182561
1653,679,2332,2.434462444771723
1815,965,2780,1.8808290155440415
1997,907,2904,2.201764057331863
1885,500,2385,3.77
1941,854,2795,2.2728337236533958
1806,729,2535,2.477366255144033
1884,895,2779,2.1050279329608936
1735,620,2355,2.7983870967741935
1950,533,2483,3.658536585365854
1753,547,2300,3.2047531992687386
1912,609,2521,3.1395730706075535
1671,533,2204,3.1350844277673544
1970,875,2845,2.2514285714285713
1655,565,2220,2.9292035398230087
1638,937,2575,1.7481323372465314
1695,993,2688,1.7069486404833838
